% Langmuir characteristic curve

% U (Volt)	I (A)
-15.000000	-3.656605E-7
-14.994000	-3.995374E-7
-14.988000	-3.234018E-7
-14.982000	-2.316665E-8
-14.976000	-1.076842E-7
-14.970000	-2.980232E-7
-14.964000	-6.787013E-7
-14.958000	-6.406335E-7
-14.952000	-4.841713E-7
-14.946000	-5.179318E-7
-14.940000	-4.249159E-7
-14.934000	-3.529713E-7
-14.928000	-3.360910E-7
-14.922000	-3.953464E-7
-14.916000	-2.388842E-7
-14.910000	-4.376052E-7
-14.904000	-3.741588E-7
-14.898000	-3.022142E-7
-14.892000	-4.122267E-7
-14.886000	-2.008164E-7
-14.880000	-2.895249E-7
-14.874000	-3.910391E-7
-14.868000	-4.925532E-7
-14.862000	-3.783498E-7
-14.856000	-2.303859E-7
-14.850000	-3.614696E-7
-14.844000	-2.980232E-7
-14.838000	-3.487803E-7
-14.832000	-3.614696E-7
-14.826000	-4.207250E-7
-14.820000	-2.472661E-7
-14.814000	-3.572786E-7
-14.808000	-3.234018E-7
-14.802000	1.071021E-8
-14.796000	-1.457520E-7
-14.790000	2.211891E-9
-14.784000	-1.457520E-7
-14.778000	-5.306210E-7
-14.772000	-5.222391E-7
-14.766000	-3.319001E-7
-14.760000	-3.319001E-7
-14.754000	-8.563511E-7
-14.748000	-5.898764E-7
-14.742000	-3.572786E-7
-14.736000	-1.669396E-7
-14.730000	-1.965091E-7
-14.724000	-3.402820E-7
-14.718000	-3.360910E-7
-14.712000	-3.826572E-7
-14.706000	-3.487803E-7
-14.700000	-3.487803E-7
-14.694000	-5.137408E-7
-14.688000	-4.417961E-7
-14.682000	-4.798640E-7
-14.676000	-4.544854E-7
-14.670000	-4.841713E-7
-14.664000	-6.067567E-7
-14.658000	-4.207250E-7
-14.652000	-5.095499E-7
-14.645500	-2.345769E-7
-14.639500	-3.192108E-7
-14.633500	-3.149034E-7
-14.627500	-2.684537E-7
-14.621500	2.211891E-9
-14.615500	-1.076842E-7
-14.609500	1.071021E-8
-14.603500	-2.768356E-7
-14.597500	-5.729962E-7
-14.591500	-4.925532E-7
-14.585500	-4.037283E-7
-14.579500	-3.953464E-7
-14.573500	-6.237533E-7
-14.567500	-5.644979E-7
-14.561500	-4.080357E-7
-14.555500	-1.881272E-7
-14.549500	-1.669396E-7
-14.543500	-1.796288E-7
-14.537500	-3.614696E-7
-14.531500	-3.699679E-7
-14.525500	-2.388842E-7
-14.519500	-2.557645E-7
-14.513500	-4.207250E-7
-14.507500	-6.364426E-7
-14.501500	-3.149034E-7
-14.495500	-3.572786E-7
-14.489500	-3.783498E-7
-14.483500	-5.137408E-7
-14.477500	-6.787013E-7
-14.471500	-5.306210E-7
-14.465500	-5.222391E-7
-14.459500	-2.303859E-7
-14.453500	-5.222391E-7
-14.447500	-3.741588E-7
-14.441500	-3.995374E-7
-14.435500	-4.423782E-8
-14.429500	-2.218876E-7
-14.423500	-2.388842E-7
-14.417500	-4.841713E-7
-14.411500	-4.714821E-7
-14.405500	-3.783498E-7
-14.399500	-4.164176E-7
-14.393500	-3.614696E-7
-14.387500	-5.476177E-7
-14.381500	-5.644979E-7
-14.375500	-5.603069E-7
-14.369500	-1.838198E-7
-14.363500	-2.768356E-7
-14.357500	-3.107125E-7
-14.351500	-3.614696E-7
-14.345500	-3.614696E-7
-14.339500	-3.445894E-7
-14.333500	-4.164176E-7
-14.327500	-2.599554E-7
-14.321500	-4.037283E-7
-14.315500	-3.656605E-7
-14.309500	-3.360910E-7
-14.303500	-4.798640E-7
-14.297500	-1.542503E-7
-14.291500	-3.319001E-7
-14.285500	-3.826572E-7
-14.279500	-2.641464E-7
-14.273500	-2.980232E-7
-14.267500	-4.037283E-7
-14.261500	-1.923181E-7
-14.255500	3.189780E-8
-14.249500	-1.711305E-7
-14.243500	-2.050074E-7
-14.237500	-5.179318E-7
-14.231500	-5.559996E-7
-14.225500	-3.614696E-7
-14.219500	-3.868481E-7
-14.213500	-4.376052E-7
-14.207500	-6.067567E-7
-14.201500	-4.925532E-7
-14.195500	-2.557645E-7
-14.189500	-2.091983E-7
-14.183500	-4.334142E-7
-14.177500	-5.179318E-7
-14.171500	-4.883623E-7
-14.165500	-5.644979E-7
-14.159500	-5.010515E-7
-14.153500	-1.881272E-7
-14.147500	-4.207250E-7
-14.141500	-4.714821E-7
-14.135500	-3.572786E-7
-14.129500	-2.345769E-7
-14.123500	-4.164176E-7
-14.117500	-4.037283E-7
-14.111500	-5.010515E-7
-14.105500	-3.487803E-7
-14.099500	-2.853340E-7
-14.093500	-2.641464E-7
-14.087500	-3.360910E-7
-14.081500	-2.938323E-7
-14.075500	-9.080395E-8
-14.069500	-3.234018E-7
-14.063500	-3.656605E-7
-14.057500	-3.192108E-7
-14.051500	-5.644979E-7
-14.045500	-3.953464E-7
-14.039500	-2.430752E-7
-14.033500	-2.980232E-7
-14.027500	-6.828923E-7
-14.021500	-6.913906E-7
-14.015500	-7.040799E-7
-14.009500	-4.798640E-7
-14.003500	-2.261950E-7
-13.997500	-2.050074E-7
-13.991500	-4.714821E-7
-13.985500	-3.319001E-7
-13.979500	-3.585592E-8
-13.973500	-1.415610E-7
-13.967500	-1.669396E-7
-13.961500	-8.309726E-7
-13.955500	-5.476177E-7
-13.949000	-5.306210E-7
-13.943000	-3.319001E-7
-13.937000	-3.445894E-7
-13.931000	-1.500593E-7
-13.925000	-3.360910E-7
-13.919000	-3.953464E-7
-13.913000	-1.669396E-7
-13.907000	-1.965091E-7
-13.901000	-2.853340E-7
-13.895000	-3.572786E-7
-13.889000	-5.306210E-7
-13.883000	-2.176967E-7
-13.877000	-3.699679E-7
-13.871000	-5.010515E-7
-13.865000	-4.841713E-7
-13.859000	-4.756730E-7
-13.853000	-5.433103E-7
-13.847000	-5.518086E-7
-13.841000	-5.898764E-7
-13.835000	-5.306210E-7
-13.829000	-5.476177E-7
-13.823000	-2.218876E-7
-13.817000	-1.119915E-7
-13.811000	-3.192108E-7
-13.805000	-3.699679E-7
-13.799000	-2.599554E-7
-13.793000	-1.161825E-7
-13.787000	-1.669396E-7
-13.781000	-6.321352E-7
-13.775000	-5.179318E-7
-13.769000	-3.910391E-7
-13.763000	-4.376052E-7
-13.757000	-3.572786E-7
-13.751000	-1.246808E-7
-13.745000	-4.122267E-7
-13.739000	-3.275927E-7
-13.733000	-2.599554E-7
-13.727000	-3.445894E-7
-13.721000	-3.022142E-7
-13.715000	-3.699679E-7
-13.709000	-3.868481E-7
-13.703000	-3.445894E-7
-13.697000	-2.980232E-7
-13.691000	-4.334142E-7
-13.685000	-3.234018E-7
-13.679000	-3.868481E-7
-13.673000	-3.995374E-7
-13.667000	-4.841713E-7
-13.661000	-2.726447E-7
-13.655000	-3.656605E-7
-13.649000	-3.445894E-7
-13.643000	-1.330627E-7
-13.637000	-2.135057E-7
-13.631000	-4.883623E-7
-13.625000	-2.811430E-7
-13.619000	3.608875E-8
-13.613000	-1.288718E-7
-13.607000	-1.076842E-7
-13.601000	-2.091983E-7
-13.595000	-3.741588E-7
-13.589000	-5.813781E-7
-13.583000	-4.587928E-7
-13.577000	-3.741588E-7
-13.571000	-2.811430E-7
-13.565000	-3.995374E-7
-13.559000	-3.953464E-7
-13.553000	-3.953464E-7
-13.547000	-2.599554E-7
-13.541000	-2.135057E-7
-13.535000	-3.826572E-7
-13.529000	-3.192108E-7
-13.523000	-2.599554E-7
-13.517000	-3.319001E-7
-13.511000	-3.445894E-7
-13.505000	-5.306210E-7
-13.499000	-6.702030E-7
-13.493000	-3.741588E-7
-13.487000	-5.095499E-7
-13.481000	-4.629837E-7
-13.475000	-6.110640E-7
-13.469000	-3.529713E-7
-13.463000	-5.644979E-7
-13.457000	-4.629837E-7
-13.451000	-3.234018E-7
-13.445000	-3.445894E-7
-13.439000	-3.529713E-7
-13.433000	1.037261E-7
-13.427000	-1.373701E-7
-13.421000	-1.466833E-8
-13.415000	-5.095499E-7
-13.409000	-5.137408E-7
-13.403000	-3.783498E-7
-13.397000	-3.699679E-7
-13.391000	-5.476177E-7
-13.385000	-6.067567E-7
-13.379000	-5.137408E-7
-13.373000	-3.868481E-7
-13.367000	-6.961636E-8
-13.361000	-2.472661E-7
-13.355000	-1.711305E-7
-13.349000	-3.741588E-7
-13.343000	-4.756730E-7
-13.337000	-3.445894E-7
-13.331000	-2.557645E-7
-13.325000	-3.699679E-7
-13.319000	-3.487803E-7
-13.313000	-4.968606E-7
-13.307000	-3.402820E-7
-13.301000	-4.883623E-7
-13.295000	-4.968606E-7
-13.289000	-3.783498E-7
-13.283000	-5.686888E-7
-13.277000	-1.838198E-7
-13.271000	-2.176967E-7
-13.265000	-2.980232E-7
-13.258500	-4.502945E-7
-13.252500	-6.170012E-9
-13.246500	-1.203734E-7
-13.240500	-1.979060E-9
-13.234500	-4.037283E-7
-13.228500	-5.052425E-7
-13.222500	-3.995374E-7
-13.216500	-3.149034E-7
-13.210500	-4.334142E-7
-13.204500	-2.684537E-7
-13.198500	-6.110640E-7
-13.192500	-6.152550E-7
-13.186500	-1.754379E-7
-13.180500	-3.868481E-7
-13.174500	-3.487803E-7
-13.168500	-4.037283E-7
-13.162500	-4.883623E-7
-13.156500	-2.853340E-7
-13.150500	-2.557645E-7
-13.144500	-2.768356E-7
-13.138500	-4.587928E-7
-13.132500	-2.599554E-7
-13.126500	-5.222391E-7
-13.120500	-3.656605E-7
-13.114500	-4.334142E-7
-13.108500	-4.544854E-7
-13.102500	-5.095499E-7
-13.096500	-1.415610E-7
-13.090500	-1.838198E-7
-13.084500	-2.768356E-7
-13.078500	-3.149034E-7
-13.072500	-3.445894E-7
-13.066500	-6.961636E-8
-13.060500	-1.203734E-7
-13.054500	-1.373701E-7
-13.048500	-6.237533E-7
-13.042500	-5.729962E-7
-13.036500	-3.656605E-7
-13.030500	-3.868481E-7
-13.024500	-4.925532E-7
-13.018500	-5.349284E-7
-13.012500	-5.052425E-7
-13.006500	-3.065215E-7
-13.000500	-2.472661E-7
-12.994500	-2.768356E-7
-12.988500	-3.487803E-7
-12.982500	-4.502945E-7
-12.976500	-3.656605E-7
-12.970500	-2.472661E-7
-12.964500	-3.445894E-7
-12.958500	-4.080357E-7
-12.952500	-4.207250E-7
-12.946500	-3.487803E-7
-12.940500	-2.050074E-7
-12.934500	-5.179318E-7
-12.928500	-2.726447E-7
-12.922500	-3.360910E-7
-12.916500	-4.376052E-7
-12.910500	-2.938323E-7
-12.904500	-3.910391E-7
-12.898500	-3.360910E-7
-12.892500	-1.838198E-7
-12.886500	-4.004687E-8
-12.880500	-6.123446E-8
-12.874500	-3.995374E-7
-12.868500	-5.771872E-7
-12.862500	-3.656605E-7
-12.856500	-3.319001E-7
-12.850500	-3.656605E-7
-12.844500	-4.080357E-7
-12.838500	-4.798640E-7
-12.832500	-5.729962E-7
-12.826500	-2.303859E-7
-12.820500	-4.461035E-7
-12.814500	-3.699679E-7
-12.808500	-1.754379E-7
-12.802500	-3.614696E-7
-12.796500	-3.995374E-7
-12.790500	-4.502945E-7
-12.784500	-3.360910E-7
-12.778500	-2.811430E-7
-12.772500	-3.149034E-7
-12.766500	-3.656605E-7
-12.760500	-3.826572E-7
-12.754500	-4.334142E-7
-12.748500	-4.671747E-7
-12.742500	-4.587928E-7
-12.736500	-3.656605E-7
-12.730500	-2.895249E-7
-12.724500	-3.445894E-7
-12.718500	-2.980232E-7
-12.712500	-3.741588E-7
-12.706500	-3.487803E-7
-12.700500	-4.249159E-7
-12.694500	-3.065215E-7
-12.688500	-4.798640E-7
-12.682500	-4.544854E-7
-12.676500	-3.234018E-7
-12.670500	-2.261950E-7
-12.664500	-3.953464E-7
-12.658500	-7.167691E-7
-12.652500	-6.787013E-7
-12.646500	-5.179318E-7
-12.640500	-1.119915E-7
-12.634500	-3.192108E-7
-12.628500	-3.149034E-7
-12.622500	-3.275927E-7
-12.616500	-4.629837E-7
-12.610500	-3.953464E-7
-12.604500	-3.234018E-7
-12.598500	-3.319001E-7
-12.592500	-4.883623E-7
-12.586500	-3.953464E-7
-12.580500	-4.037283E-7
-12.574500	-3.275927E-7
-12.568000	-3.699679E-7
-12.562000	-5.010515E-7
-12.556000	-3.783498E-7
-12.550000	-1.415610E-7
-12.544000	-4.376052E-7
-12.538000	-4.080357E-7
-12.532000	-3.953464E-7
-12.526000	-1.500593E-7
-12.520000	-1.415610E-7
-12.514000	-1.415610E-7
-12.508000	-2.091983E-7
-12.502000	-6.067567E-7
-12.496000	-4.544854E-7
-12.490000	-3.275927E-7
-12.484000	-3.149034E-7
-12.478000	-3.022142E-7
-12.472000	-3.868481E-7
-12.466000	-4.925532E-7
-12.460000	-1.076842E-7
-12.454000	-1.669396E-7
-12.448000	-2.641464E-7
-12.442000	-3.022142E-7
-12.436000	-3.319001E-7
-12.430000	-3.319001E-7
-12.424000	-2.684537E-7
-12.418000	-3.487803E-7
-12.412000	-2.768356E-7
-12.406000	-4.080357E-7
-12.400000	-3.783498E-7
-12.394000	-4.968606E-7
-12.388000	-2.261950E-7
-12.382000	-5.898764E-7
-12.376000	-4.714821E-7
-12.370000	-2.345769E-7
-12.364000	-2.345769E-7
-12.358000	-3.445894E-7
-12.352000	-4.925532E-7
-12.346000	-1.754379E-7
-12.340000	-3.585592E-8
-12.334000	-1.669396E-7
-12.328000	-3.149034E-7
-12.322000	-5.222391E-7
-12.316000	-4.798640E-7
-12.310000	-3.275927E-7
-12.304000	-3.953464E-7
-12.298000	-3.402820E-7
-12.292000	-5.349284E-7
-12.286000	-4.334142E-7
-12.280000	-1.754379E-7
-12.274000	-2.388842E-7
-12.268000	-2.472661E-7
-12.262000	-3.995374E-7
-12.256000	-3.699679E-7
-12.250000	-1.457520E-7
-12.244000	-1.838198E-7
-12.238000	-2.050074E-7
-12.232000	-6.364426E-7
-12.226000	-4.544854E-7
-12.220000	-3.445894E-7
-12.214000	-3.910391E-7
-12.208000	-4.671747E-7
-12.202000	-3.107125E-7
-12.196000	-4.671747E-7
-12.190000	-7.124618E-7
-12.184000	-1.584413E-7
-12.178000	-2.345769E-7
-12.172000	-2.430752E-7
-12.166000	-2.895249E-7
-12.160000	1.071021E-8
-12.154000	-1.965091E-7
-12.148000	-1.288718E-7
-12.142000	-3.065215E-7
-12.136000	-5.306210E-7
-12.130000	-3.445894E-7
-12.124000	-4.164176E-7
-12.118000	-2.980232E-7
-12.112000	-5.729962E-7
-12.106000	-4.671747E-7
-12.100000	-4.417961E-7
-12.094000	-1.711305E-7
-12.088000	-1.457520E-7
-12.082000	-2.514571E-7
-12.076000	-2.768356E-7
-12.070000	-3.360910E-7
-12.064000	-3.487803E-7
-12.058000	-3.022142E-7
-12.052000	-5.349284E-7
-12.046000	-4.417961E-7
-12.040000	-3.487803E-7
-12.034000	-4.841713E-7
-12.028000	-3.656605E-7
-12.022000	-4.207250E-7
-12.016000	-3.656605E-7
-12.010000	-3.487803E-7
-12.004000	-2.811430E-7
-11.998000	-2.472661E-7
-11.992000	-3.234018E-7
-11.986000	-2.938323E-7
-11.980000	-7.811468E-8
-11.974000	-2.050074E-7
-11.968000	-1.838198E-7
-11.962000	-1.373701E-7
-11.956000	-5.010515E-7
-11.950000	-2.811430E-7
-11.944000	-4.037283E-7
-11.938000	-4.841713E-7
-11.932000	-6.997725E-7
-11.926000	-5.898764E-7
-11.920000	-4.925532E-7
-11.914000	-1.288718E-7
-11.908000	-1.457520E-7
-11.902000	-2.768356E-7
-11.896000	-3.445894E-7
-11.890000	-4.671747E-7
-11.884000	-2.091983E-7
-11.878000	-2.980232E-7
-11.871500	-4.968606E-7
-11.865500	-4.714821E-7
-11.859500	-4.291069E-7
-11.853500	-4.671747E-7
-11.847500	-3.402820E-7
-11.841500	-3.107125E-7
-11.835500	-4.544854E-7
-11.829500	-4.714821E-7
-11.823500	-1.838198E-7
-11.817500	-6.123446E-8
-11.811500	-4.376052E-7
-11.805500	-1.330627E-7
-11.799500	-3.995374E-7
-11.793500	-3.699679E-7
-11.787500	-2.811430E-7
-11.781500	-2.811430E-7
-11.775500	-4.925532E-7
-11.769500	-3.529713E-7
-11.763500	-3.319001E-7
-11.757500	-2.135057E-7
-11.751500	-7.421477E-7
-11.745500	-5.940674E-7
-11.739500	-5.686888E-7
-11.733500	-5.095499E-7
-11.727500	-1.584413E-7
-11.721500	-2.599554E-7
-11.715500	-3.234018E-7
-11.709500	-1.669396E-7
-11.703500	-3.953464E-7
-11.697500	-3.445894E-7
-11.691500	-4.461035E-7
-11.685500	-3.572786E-7
-11.679500	-4.968606E-7
-11.673500	-3.995374E-7
-11.667500	-3.910391E-7
-11.661500	-4.629837E-7
-11.655500	-3.529713E-7
-11.649500	-2.599554E-7
-11.643500	-2.980232E-7
-11.637500	-1.500593E-7
-11.631500	-2.472661E-7
-11.625500	-2.726447E-7
-11.619500	-3.065215E-7
-11.613500	-1.979060E-9
-11.607500	-1.669396E-7
-11.601500	-2.303859E-7
-11.595500	-3.826572E-7
-11.589500	-5.940674E-7
-11.583500	-5.137408E-7
-11.577500	-3.783498E-7
-11.571500	-3.826572E-7
-11.565500	-5.137408E-7
-11.559500	-4.756730E-7
-11.553500	-3.910391E-7
-11.547500	-2.135057E-7
-11.541500	-2.261950E-7
-11.535500	-3.656605E-7
-11.529500	-3.699679E-7
-11.523500	-4.334142E-7
-11.517500	-3.107125E-7
-11.511500	-1.373701E-7
-11.505500	-3.699679E-7
-11.499500	-4.968606E-7
-11.493500	-5.349284E-7
-11.487500	-3.783498E-7
-11.481500	-2.980232E-7
-11.475500	-2.768356E-7
-11.469500	-2.684537E-7
-11.463500	-3.572786E-7
-11.457500	-1.796288E-7
-11.451500	-2.303859E-7
-11.445500	-2.768356E-7
-11.439500	-2.388842E-7
-11.433500	3.608875E-8
-11.427500	-1.979060E-9
-11.421500	-1.457520E-7
-11.415500	-1.627486E-7
-11.409500	-5.010515E-7
-11.403500	-3.234018E-7
-11.397500	-2.938323E-7
-11.391500	-3.699679E-7
-11.385500	-5.686888E-7
-11.379500	-5.644979E-7
-11.373500	-4.502945E-7
-11.367500	-2.176967E-7
-11.361500	-3.149034E-7
-11.355500	-2.938323E-7
-11.349500	-2.811430E-7
-11.343500	4.458707E-8
-11.337500	-1.246808E-7
-11.331500	-1.669396E-7
-11.325500	-1.711305E-7
-11.319500	-5.306210E-7
-11.313500	-4.291069E-7
-11.307500	-3.445894E-7
-11.301500	-3.065215E-7
-11.295500	-1.203734E-7
-11.289500	-3.953464E-7
-11.283500	-2.641464E-7
-11.277500	-2.218876E-7
-11.271500	-3.572786E-7
-11.265500	-2.853340E-7
-11.259500	-3.487803E-7
-11.253500	-2.684537E-7
-11.247500	-2.316665E-8
-11.241500	-1.838198E-7
-11.235500	-2.472661E-7
-11.229500	-3.783498E-7
-11.223500	-4.334142E-7
-11.217500	-3.826572E-7
-11.211500	-3.275927E-7
-11.205500	-7.294584E-7
-11.199500	-4.671747E-7
-11.193500	-5.433103E-7
-11.187500	-5.264301E-7
-11.181000	-1.584413E-7
-11.175000	-2.684537E-7
-11.169000	-3.995374E-7
-11.163000	-4.629837E-7
-11.157000	-3.402820E-7
-11.151000	-3.192108E-7
-11.145000	-2.345769E-7
-11.139000	-4.164176E-7
-11.133000	-3.065215E-7
-11.127000	-4.756730E-7
-11.121000	-3.529713E-7
-11.115000	-3.275927E-7
-11.109000	-2.684537E-7
-11.103000	-5.983748E-7
-11.097000	-4.037283E-7
-11.091000	-1.415610E-7
-11.085000	-2.091983E-7
-11.079000	-4.037283E-7
-11.073000	-2.938323E-7
-11.067000	-2.091983E-7
-11.061000	-2.050074E-7
-11.055000	-2.980232E-7
-11.049000	-4.883623E-7
-11.043000	-5.644979E-7
-11.037000	-3.699679E-7
-11.031000	-3.022142E-7
-11.025000	-3.614696E-7
-11.019000	-6.025657E-7
-11.013000	-4.968606E-7
-11.007000	-5.095499E-7
-11.001000	-1.584413E-7
-10.995000	-3.741588E-7
-10.989000	-3.065215E-7
-10.983000	-2.853340E-7
-10.977000	-4.671747E-7
-10.971000	-1.457520E-7
-10.965000	-4.080357E-7
-10.959000	-3.656605E-7
-10.953000	-3.614696E-7
-10.947000	-4.925532E-7
-10.941000	-3.234018E-7
-10.935000	-3.275927E-7
-10.929000	-2.726447E-7
-10.923000	-3.910391E-7
-10.917000	-3.022142E-7
-10.911000	-1.034932E-7
-10.905000	-2.853340E-7
-10.899000	-4.502945E-7
-10.893000	-2.726447E-7
-10.887000	-4.037283E-7
-10.881000	-3.910391E-7
-10.875000	-2.938323E-7
-10.869000	-3.656605E-7
-10.863000	-2.599554E-7
-10.857000	-5.349284E-7
-10.851000	-3.234018E-7
-10.845000	-2.938323E-7
-10.839000	-5.559996E-7
-10.833000	-5.898764E-7
-10.827000	-5.179318E-7
-10.821000	-2.641464E-7
-10.815000	-2.345769E-7
-10.809000	-2.938323E-7
-10.803000	-3.065215E-7
-10.797000	-4.122267E-7
-10.791000	-1.627486E-7
-10.785000	-3.529713E-7
-10.779000	-3.065215E-7
-10.773000	-4.037283E-7
-10.767000	-2.853340E-7
-10.761000	-3.065215E-7
-10.755000	-3.572786E-7
-10.749000	-3.995374E-7
-10.743000	-2.303859E-7
-10.737000	-2.768356E-7
-10.731000	-3.656605E-7
-10.725000	-1.500593E-7
-10.719000	-9.080395E-8
-10.713000	-4.037283E-7
-10.707000	-2.853340E-7
-10.701000	-9.930227E-8
-10.695000	-2.811430E-7
-10.689000	-9.930227E-8
-10.683000	-4.502945E-7
-10.677000	-3.487803E-7
-10.671000	-3.741588E-7
-10.665000	-4.671747E-7
-10.659000	-7.082708E-7
-10.653000	-4.376052E-7
-10.647000	-4.841713E-7
-10.641000	-5.306210E-7
-10.635000	-4.423782E-8
-10.629000	-2.430752E-7
-10.623000	-1.542503E-7
-10.617000	-3.107125E-7
-10.611000	-1.754379E-7
-10.605000	-3.585592E-8
-10.599000	-2.641464E-7
-10.593000	-4.291069E-7
-10.587000	-4.544854E-7
-10.581000	-2.853340E-7
-10.575000	-3.741588E-7
-10.569000	-3.149034E-7
-10.563000	-2.895249E-7
-10.557000	-3.614696E-7
-10.551000	-3.741588E-7
-10.545000	-1.754379E-7
-10.539000	-4.423782E-8
-10.533000	-3.360910E-7
-10.527000	-2.557645E-7
-10.521000	-9.080395E-8
-10.515000	-1.076842E-7
-10.509000	-4.080357E-7
-10.503000	-5.391194E-7
-10.497000	-5.179318E-7
-10.491000	-4.080357E-7
-10.484500	-3.107125E-7
-10.478500	-7.929048E-7
-10.472500	-4.334142E-7
-10.466500	-4.756730E-7
-10.460500	-5.940674E-7
-10.454500	-1.161825E-7
-10.448500	-1.584413E-7
-10.442500	-2.853340E-7
-10.436500	-2.472661E-7
-10.430500	-5.137408E-7
-10.424500	-3.572786E-7
-10.418500	-1.330627E-7
-10.412500	-5.603069E-7
-10.406500	-6.364426E-7
-10.400500	-3.741588E-7
-10.394500	-2.768356E-7
-10.388500	-3.826572E-7
-10.382500	-1.373701E-7
-10.376500	-3.953464E-7
-10.370500	-3.022142E-7
-10.364500	-7.811468E-8
-10.358500	-3.234018E-7
-10.352500	-3.953464E-7
-10.346500	-3.741588E-7
-10.340500	-5.692709E-8
-10.334500	-1.457520E-7
-10.328500	-8.230563E-8
-10.322500	-1.415610E-7
-10.316500	-4.376052E-7
-10.310500	-4.883623E-7
-10.304500	-4.714821E-7
-10.298500	-3.402820E-7
-10.292500	-5.433103E-7
-10.286500	-4.587928E-7
-10.280500	-5.264301E-7
-10.274500	-9.080395E-8
-10.268500	-2.853340E-7
-10.262500	-2.261950E-7
-10.256500	-2.430752E-7
-10.250500	-3.360910E-7
-10.244500	-1.669396E-7
-10.238500	-7.392373E-8
-10.232500	-2.135057E-7
-10.226500	-3.699679E-7
-10.220500	-3.529713E-7
-10.214500	-3.402820E-7
-10.208500	-2.895249E-7
-10.202500	-1.542503E-7
-10.196500	-2.938323E-7
-10.190500	-1.627486E-7
-10.184500	-2.726447E-7
-10.178500	-1.796288E-7
-10.172500	-2.176967E-7
-10.166500	-3.656605E-7
-10.160500	-2.980232E-7
-10.154500	-3.445894E-7
-10.148500	-2.811430E-7
-10.142500	-5.273614E-8
-10.136500	-3.783498E-7
-10.130500	-4.122267E-7
-10.124500	-1.754379E-7
-10.118500	-4.629837E-7
-10.112500	-6.913906E-7
-10.106500	-6.194459E-7
-10.100500	-4.756730E-7
-10.094500	-3.910391E-7
-10.088500	-9.930227E-8
-10.082500	-3.826572E-7
-10.076500	-1.373701E-7
-10.070500	-3.360910E-7
-10.064500	-7.811468E-8
-10.058500	-2.768356E-7
-10.052500	-1.796288E-7
-10.046500	-3.826572E-7
-10.040500	-3.868481E-7
-10.034500	-3.699679E-7
-10.028500	-3.402820E-7
-10.022500	-1.457520E-7
-10.016500	-3.107125E-7
-10.010500	-1.500593E-7
-10.004500	-1.923181E-7
-9.998500	-3.487803E-7
-9.992500	-2.599554E-7
-9.986500	-3.572786E-7
-9.980500	-1.373701E-7
-9.974500	-9.930227E-8
-9.968500	-4.854519E-8
-9.962500	-2.430752E-7
-9.956500	-3.699679E-7
-9.950500	-4.334142E-7
-9.944500	-3.192108E-7
-9.938500	-2.938323E-7
-9.932500	-4.587928E-7
-9.926500	-5.137408E-7
-9.920500	-3.614696E-7
-9.914500	-5.137408E-7
-9.908500	-1.330627E-7
-9.902500	-5.273614E-8
-9.896500	-2.430752E-7
-9.890500	-2.853340E-7
-9.884500	-3.022142E-7
-9.878500	-2.641464E-7
-9.872500	-2.091983E-7
-9.866500	-3.234018E-7
-9.860500	-4.461035E-7
-9.854500	-4.122267E-7
-9.848500	-3.022142E-7
-9.842500	-2.853340E-7
-9.836500	-2.008164E-7
-9.830500	-4.037283E-7
-9.824500	-4.756730E-7
-9.818500	-3.585592E-8
-9.812500	-1.754379E-7
-9.806500	-3.234018E-7
-9.800000	-4.164176E-7
-9.794000	9.103678E-8
-9.788000	2.339948E-8
-9.782000	-3.154855E-8
-9.776000	-9.499490E-8
-9.770000	-4.249159E-7
-9.764000	-3.572786E-7
-9.758000	-3.065215E-7
-9.752000	-3.192108E-7
-9.746000	-8.139759E-7
-9.740000	-6.025657E-7
-9.734000	-2.768356E-7
-9.728000	-1.627486E-7
-9.722000	-2.684537E-7
-9.716000	-3.234018E-7
-9.710000	-3.783498E-7
-9.704000	-2.514571E-7
-9.698000	-4.037283E-7
-9.692000	-4.291069E-7
-9.686000	-3.192108E-7
-9.680000	-4.587928E-7
-9.674000	-4.544854E-7
-9.668000	-2.980232E-7
-9.662000	-3.192108E-7
-9.656000	-2.176967E-7
-9.650000	-3.445894E-7
-9.644000	-3.319001E-7
-9.638000	-1.627486E-7
-9.632000	-1.711305E-7
-9.626000	-2.641464E-7
-9.620000	-3.402820E-7
-9.614000	4.458707E-8
-9.608000	-1.047738E-8
-9.602000	-4.854519E-8
-9.596000	-1.627486E-7
-9.590000	-5.222391E-7
-9.584000	-4.249159E-7
-9.578000	-1.881272E-7
-9.572000	-3.868481E-7
-9.566000	-1.711305E-7
-9.560000	-4.968606E-7
-9.554000	-6.490154E-7
-9.548000	-1.203734E-7
-9.542000	-1.076842E-7
-9.536000	-2.176967E-7
-9.530000	-2.641464E-7
-9.524000	-3.107125E-7
-9.518000	-3.910391E-7
-9.512000	-2.388842E-7
-9.506000	-1.203734E-7
-9.500000	-5.052425E-7
-9.494000	-3.783498E-7
-9.488000	-3.995374E-7
-9.482000	-1.669396E-7
-9.476000	-1.711305E-7
-9.470000	-2.557645E-7
-9.464000	-2.980232E-7
-9.458000	-2.726447E-7
-9.452000	-2.345769E-7
-9.446000	-1.754379E-7
-9.440000	-2.050074E-7
-9.434000	-2.514571E-7
-9.428000	-7.392373E-8
-9.422000	-1.288718E-7
-9.416000	-1.034932E-7
-9.410000	-4.883623E-7
-9.404000	-4.587928E-7
-9.398000	-3.234018E-7
-9.392000	-1.881272E-7
-9.386000	-1.627486E-7
-9.380000	-4.671747E-7
-9.374000	-4.461035E-7
-9.368000	-2.811430E-7
-9.362000	-1.542503E-7
-9.356000	-2.303859E-7
-9.350000	-2.176967E-7
-9.344000	-3.319001E-7
-9.338000	-2.895249E-7
-9.332000	-2.938323E-7
-9.326000	-3.529713E-7
-9.320000	-3.319001E-7
-9.314000	-5.137408E-7
-9.308000	-3.107125E-7
-9.302000	-3.656605E-7
-9.296000	-3.995374E-7
-9.290000	-7.392373E-8
-9.284000	-3.275927E-7
-9.278000	-3.910391E-7
-9.272000	-5.273614E-8
-9.266000	-2.345769E-7
-9.260000	-3.275927E-7
-9.254000	-4.080357E-7
-9.248000	9.103678E-8
-9.242000	1.164153E-7
-9.236000	-1.415610E-7
-9.230000	-5.264301E-7
-9.224000	-2.768356E-7
-9.218000	-2.684537E-7
-9.212000	-3.402820E-7
-9.206000	-4.417961E-7
-9.200000	-4.334142E-7
-9.194000	-4.037283E-7
-9.188000	-2.811430E-7
-9.182000	-1.627486E-7
-9.176000	-3.149034E-7
-9.170000	-3.953464E-7
-9.164000	-2.388842E-7
-9.158000	-2.895249E-7
-9.152000	-3.910391E-7
-9.146000	-3.234018E-7
-9.140000	-3.107125E-7
-9.134000	-3.319001E-7
-9.128000	-3.614696E-7
-9.122000	-3.107125E-7
-9.116000	-2.726447E-7
-9.109500	-4.883623E-7
-9.103500	-4.544854E-7
-9.097500	-4.249159E-7
-9.091500	2.211891E-9
-9.085500	-1.923181E-7
-9.079500	-1.838198E-7
-9.073500	-2.726447E-7
-9.067500	9.103678E-8
-9.061500	-2.735760E-8
-9.055500	-9.080395E-8
-9.049500	-1.965091E-7
-9.043500	-5.095499E-7
-9.037500	-5.179318E-7
-9.031500	-3.319001E-7
-9.025500	-2.641464E-7
-9.019500	-6.617047E-7
-9.013500	-5.095499E-7
-9.007500	-6.406335E-7
-9.001500	7.415656E-8
-8.995500	-2.472661E-7
-8.989500	-1.203734E-7
-8.983500	-3.826572E-7
-8.977500	-2.388842E-7
-8.971500	-2.811430E-7
-8.965500	-2.980232E-7
-8.959500	-2.388842E-7
-8.953500	-3.868481E-7
-8.947500	-3.529713E-7
-8.941500	-3.402820E-7
-8.935500	-3.319001E-7
-8.929500	-4.714821E-7
-8.923500	-4.841713E-7
-8.917500	-3.572786E-7
-8.911500	-4.587928E-7
-8.905500	-5.692709E-8
-8.899500	-1.457520E-7
-8.893500	-2.176967E-7
-8.887500	-2.514571E-7
-8.881500	-7.392373E-8
-8.875500	-5.273614E-8
-8.869500	-5.692709E-8
-8.863500	-5.349284E-7
-8.857500	-4.671747E-7
-8.851500	-2.768356E-7
-8.845500	-3.783498E-7
-8.839500	-1.330627E-7
-8.833500	-5.391194E-7
-8.827500	-4.544854E-7
-8.821500	-3.783498E-7
-8.815500	-2.218876E-7
-8.809500	-3.022142E-7
-8.803500	-2.514571E-7
-8.797500	-1.965091E-7
-8.791500	-3.529713E-7
-8.785500	-2.853340E-7
-8.779500	-2.388842E-7
-8.773500	-2.430752E-7
-8.767500	-3.614696E-7
-8.761500	-4.122267E-7
-8.755500	-2.176967E-7
-8.749500	-3.826572E-7
-8.743500	-4.925532E-7
-8.737500	-4.629837E-7
-8.731500	-3.995374E-7
-8.725500	-3.585592E-8
-8.719500	-1.838198E-7
-8.713500	-2.176967E-7
-8.707500	-9.930227E-8
-8.701500	3.608875E-8
-8.695500	-1.288718E-7
-8.689500	-6.542541E-8
-8.683500	-4.968606E-7
-8.677500	-5.518086E-7
-8.671500	-2.641464E-7
-8.665500	-2.684537E-7
-8.659500	-2.303859E-7
-8.653500	-3.022142E-7
-8.647500	-1.373701E-7
-8.641500	-1.500593E-7
-8.635500	-1.754379E-7
-8.629500	-2.135057E-7
-8.623500	-2.472661E-7
-8.617500	-2.514571E-7
-8.611500	-2.980232E-7
-8.605500	-2.853340E-7
-8.599500	-1.627486E-7
-8.593500	-2.599554E-7
-8.587500	-3.572786E-7
-8.581500	-2.980232E-7
-8.575500	-3.995374E-7
-8.569500	-2.388842E-7
-8.563500	-2.472661E-7
-8.557500	-2.472661E-7
-8.551500	-2.980232E-7
-8.545500	-1.457520E-7
-8.539500	-2.176967E-7
-8.533500	-2.135057E-7
-8.527500	-2.345769E-7
-8.521500	8.253846E-8
-8.515500	2.339948E-8
-8.509500	-3.487803E-7
-8.503500	-1.373701E-7
-8.497500	-3.868481E-7
-8.491500	-3.868481E-7
-8.485500	-9.930227E-8
-8.479500	-2.895249E-7
-8.473500	-1.500593E-7
-8.467500	-3.783498E-7
-8.461500	-3.699679E-7
-8.455500	-2.557645E-7
-8.449500	-1.881272E-7
-8.443500	-1.246808E-7
-8.437500	-3.572786E-7
-8.431500	-3.529713E-7
-8.425500	-3.319001E-7
-8.419000	-1.584413E-7
-8.413000	-2.176967E-7
-8.407000	-3.868481E-7
-8.401000	-2.135057E-7
-8.395000	-2.261950E-7
-8.389000	-2.726447E-7
-8.383000	-4.502945E-7
-8.377000	-2.726447E-7
-8.371000	-3.192108E-7
-8.365000	-1.584413E-7
-8.359000	-1.838198E-7
-8.353000	-1.881272E-7
-8.347000	-2.980232E-7
-8.341000	-3.572786E-7
-8.335000	1.206063E-7
-8.329000	-1.047738E-8
-8.323000	-4.854519E-8
-8.317000	-4.080357E-7
-8.311000	-2.684537E-7
-8.305000	-2.980232E-7
-8.299000	-2.430752E-7
-8.293000	-4.968606E-7
-8.287000	-6.152550E-7
-8.281000	-4.122267E-7
-8.275000	-4.164176E-7
-8.269000	-1.500593E-7
-8.263000	-3.995374E-7
-8.257000	-2.599554E-7
-8.251000	-2.430752E-7
-8.245000	-1.838198E-7
-8.239000	-1.838198E-7
-8.233000	-2.050074E-7
-8.227000	-3.953464E-7
-8.221000	-4.756730E-7
-8.215000	-1.965091E-7
-8.209000	-2.345769E-7
-8.203000	-3.910391E-7
-8.197000	-2.599554E-7
-8.191000	-4.417961E-7
-8.185000	-3.445894E-7
-8.179000	-5.692709E-8
-8.173000	-2.261950E-7
-8.167000	-2.218876E-7
-8.161000	-2.684537E-7
-8.155000	2.094312E-7
-8.149000	1.374865E-7
-8.143000	-5.692709E-8
-8.137000	-4.671747E-7
-8.131000	-5.349284E-7
-8.125000	-2.811430E-7
-8.119000	-3.868481E-7
-8.113000	-2.091983E-7
-8.107000	-5.306210E-7
-8.101000	-2.641464E-7
-8.095000	-3.149034E-7
-8.089000	-3.154855E-8
-8.083000	-9.930227E-8
-8.077000	-2.176967E-7
-8.071000	-2.008164E-7
-8.065000	-5.349284E-7
-8.059000	-2.135057E-7
-8.053000	-2.303859E-7
-8.047000	-3.149034E-7
-8.041000	-3.614696E-7
-8.035000	-2.980232E-7
-8.029000	-2.684537E-7
-8.023000	-2.811430E-7
-8.017000	-4.461035E-7
-8.011000	-6.743940E-7
-8.005000	-2.726447E-7
-7.999000	-5.273614E-8
-7.993000	-9.080395E-8
-7.987000	-2.430752E-7
-7.981000	-1.542503E-7
-7.975000	-3.445894E-7
-7.969000	-1.415610E-7
-7.963000	-1.838198E-7
-7.957000	-9.499490E-8
-7.951000	-4.968606E-7
-7.945000	-2.980232E-7
-7.939000	-2.261950E-7
-7.933000	-2.811430E-7
-7.927000	-5.729962E-7
-7.921000	-5.771872E-7
-7.915000	-2.261950E-7
-7.909000	-3.319001E-7
-7.903000	-1.119915E-7
-7.897000	-3.022142E-7
-7.891000	-1.288718E-7
-7.885000	-1.584413E-7
-7.879000	-2.430752E-7
-7.873000	-3.192108E-7
-7.867000	-5.692709E-8
-7.861000	-2.599554E-7
-7.855000	-4.376052E-7
-7.849000	-9.080395E-8
-7.843000	-2.472661E-7
-7.837000	-1.119915E-7
-7.831000	-3.192108E-7
-7.825000	-2.472661E-7
-7.819000	-2.091983E-7
-7.813000	-9.499490E-8
-7.807000	-1.203734E-7
-7.801000	-2.303859E-7
-7.795000	-1.034932E-7
-7.789000	-1.885928E-8
-7.783000	2.263114E-7
-7.777000	-2.388842E-7
-7.771000	-2.726447E-7
-7.765000	-3.445894E-7
-7.759000	-3.319001E-7
-7.752500	-1.627486E-7
-7.746500	-5.983748E-7
-7.740500	-3.614696E-7
-7.734500	-1.669396E-7
-7.728500	-2.514571E-7
-7.722500	-2.735760E-8
-7.716500	-2.388842E-7
-7.710500	-2.980232E-7
-7.704500	-2.091983E-7
-7.698500	-1.246808E-7
-7.692500	-1.669396E-7
-7.686500	2.339948E-8
-7.680500	-3.192108E-7
-7.674500	-3.360910E-7
-7.668500	-2.684537E-7
-7.662500	-2.050074E-7
-7.656500	-2.938323E-7
-7.650500	-2.345769E-7
-7.644500	-1.584413E-7
-7.638500	5.727634E-8
-7.632500	-1.627486E-7
-7.626500	-1.979060E-9
-7.620500	-2.557645E-7
-7.614500	-1.711305E-7
-7.608500	7.834751E-8
-7.602500	1.459848E-7
-7.596500	1.490116E-8
-7.590500	-2.811430E-7
-7.584500	-5.349284E-7
-7.578500	-1.415610E-7
-7.572500	-2.641464E-7
-7.566500	-1.796288E-7
-7.560500	-3.360910E-7
-7.554500	-3.953464E-7
-7.548500	-2.261950E-7
-7.542500	1.459848E-7
-7.536500	4.877802E-8
-7.530500	-1.885928E-8
-7.524500	-1.203734E-7
-7.518500	-1.034932E-7
-7.512500	-1.711305E-7
-7.506500	-9.930227E-8
-7.500500	-2.895249E-7
-7.494500	-2.472661E-7
-7.488500	-1.288718E-7
-7.482500	-8.661300E-8
-7.476500	4.027970E-8
-7.470500	-3.149034E-7
-7.464500	-3.572786E-7
-7.458500	-3.953464E-7
-7.452500	2.136221E-7
-7.446500	-1.047738E-8
-7.440500	-4.004687E-8
-7.434500	-1.979060E-9
-7.428500	4.420290E-7
-7.422500	1.925509E-7
-7.416500	2.179295E-7
-7.410500	6.519258E-9
-7.404500	-2.768356E-7
-7.398500	-1.754379E-7
-7.392500	-5.692709E-8
-7.386500	-5.273614E-8
-7.380500	-5.273614E-8
-7.374500	-8.661300E-8
-7.368500	-1.161825E-7
-7.362500	6.996561E-8
-7.356500	1.713634E-7
-7.350500	2.339948E-8
-7.344500	-7.811468E-8
-7.338500	4.877802E-8
-7.332500	-7.392373E-8
-7.326500	6.519258E-9
-7.320500	5.296897E-8
-7.314500	-2.684537E-7
-7.308500	8.253846E-8
-7.302500	4.458707E-8
-7.296500	-1.288718E-7
-7.290500	3.608875E-8
-7.284500	-6.542541E-8
-7.278500	-4.854519E-8
-7.272500	2.211891E-9
-7.266500	1.121080E-7
-7.260500	2.759043E-8
-7.254500	1.206063E-7
-7.248500	8.253846E-8
-7.242500	1.925509E-7
-7.236500	1.121080E-7
-7.230500	-1.246808E-7
-7.224500	9.103678E-8
-7.218500	-1.203734E-7
-7.212500	-2.176967E-7
-7.206500	8.253846E-8
-7.200500	-3.656605E-7
-7.194500	-1.923181E-7
-7.188500	-2.050074E-7
-7.182500	2.643792E-7
-7.176500	2.263114E-7
-7.170500	1.755543E-7
-7.164500	1.247972E-7
-7.158500	7.834751E-8
-7.152500	4.715985E-7
-7.146500	3.532041E-7
-7.140500	3.490131E-7
-7.134500	-6.123446E-8
-7.128000	-6.170012E-9
-7.122000	4.877802E-8
-7.116000	5.296897E-8
-7.110000	1.713634E-7
-7.104000	-6.542541E-8
-7.098000	4.458707E-8
-7.092000	2.211891E-9
-7.086000	3.954628E-7
-7.080000	3.278255E-7
-7.074000	4.420290E-7
-7.068000	3.109453E-7
-7.062000	2.897577E-7
-7.056000	2.136221E-7
-7.050000	2.601882E-7
-7.044000	4.124595E-7
-7.038000	1.164153E-7
-7.032000	2.052402E-7
-7.026000	4.378380E-7
-7.020000	2.474990E-7
-7.014000	4.293397E-7
-7.008000	4.124595E-7
-7.002000	2.474990E-7
-6.996000	3.954628E-7
-6.990000	4.842877E-7
-6.984000	5.308539E-7
-6.978000	3.743917E-7
-6.972000	5.899929E-7
-6.966000	4.674075E-7
-6.960000	4.674075E-7
-6.954000	5.054753E-7
-6.948000	3.870809E-7
-6.942000	3.320165E-7
-6.936000	4.800968E-7
-6.930000	4.969770E-7
-6.924000	4.335307E-7
-6.918000	3.870809E-7
-6.912000	5.773036E-7
-6.906000	6.831251E-7
-6.900000	6.280607E-7
-6.894000	6.746268E-7
-6.888000	6.196788E-7
-6.882000	5.943002E-7
-6.876000	8.733477E-7
-6.870000	9.072246E-7
-6.864000	8.564675E-7
-6.858000	4.293397E-7
-6.852000	4.632166E-7
-6.846000	6.831251E-7
-6.840000	8.564675E-7
-6.834000	6.238697E-7
-6.828000	5.477341E-7
-6.822000	5.689217E-7
-6.816000	8.225907E-7
-6.810000	9.875512E-7
-6.804000	8.987263E-7
-6.798000	8.352799E-7
-6.792000	8.945353E-7
-6.786000	8.183997E-7
-6.780000	8.691568E-7
-6.774000	8.860370E-7
-6.768000	8.564675E-7
-6.762000	8.183997E-7
-6.756000	9.536743E-7
-6.750000	1.084758E-6
-6.744000	8.352799E-7
-6.738000	7.803319E-7
-6.732000	8.945353E-7
-6.726000	7.972121E-7
-6.720000	1.076376E-6
-6.714000	1.194770E-6
-6.708000	1.165201E-6
-6.702000	1.110137E-6
-6.696000	1.050998E-6
-6.690000	1.194770E-6
-6.684000	1.148204E-6
-6.678000	1.021428E-6
-6.672000	1.156703E-6
-6.666000	1.262408E-6
-6.660000	1.321663E-6
-6.654000	1.173583E-6
-6.648000	1.135515E-6
-6.642000	1.325854E-6
-6.636000	1.004431E-6
-6.630000	1.630397E-6
-6.624000	1.605018E-6
-6.618000	1.554261E-6
-6.612000	1.393491E-6
-6.606000	1.549954E-6
-6.600000	1.647277E-6
-6.594000	1.769862E-6
-6.588000	1.685345E-6
-6.582000	1.558452E-6
-6.576000	1.583830E-6
-6.570000	1.655775E-6
-6.564000	1.693727E-6
-6.558000	1.440058E-6
-6.552000	1.723412E-6
-6.546000	1.719105E-6
-6.540000	1.850305E-6
-6.534000	1.926324E-6
-6.528000	2.049026E-6
-6.522000	2.137851E-6
-6.516000	1.884066E-6
-6.510000	2.196990E-6
-6.503500	2.319692E-6
-6.497500	2.171611E-6
-6.491500	2.082787E-6
-6.485500	1.939014E-6
-6.479500	2.167420E-6
-6.473500	2.281624E-6
-6.467500	2.332381E-6
-6.461500	2.298504E-6
-6.455500	2.366141E-6
-6.449500	2.345070E-6
-6.443500	2.560671E-6
-6.437500	2.590357E-6
-6.431500	2.459274E-6
-6.425500	2.691755E-6
-6.419500	2.666493E-6
-6.413500	2.772198E-6
-6.407500	2.920162E-6
-6.401500	2.687564E-6
-6.395500	2.789078E-6
-6.389500	2.882094E-6
-6.383500	2.907473E-6
-6.377500	2.493034E-6
-6.371500	2.742512E-6
-6.365500	2.835644E-6
-6.359500	3.038556E-6
-6.353500	3.495254E-6
-6.347500	3.317720E-6
-6.341500	3.233086E-6
-6.335500	3.376859E-6
-6.329500	3.601075E-6
-6.323500	3.507943E-6
-6.317500	3.617955E-6
-6.311500	3.364170E-6
-6.305500	3.524940E-6
-6.299500	3.689784E-6
-6.293500	3.617955E-6
-6.287500	3.774418E-6
-6.281500	4.100031E-6
-6.275500	3.901310E-6
-6.269500	3.905501E-6
-6.263500	4.133908E-6
-6.257500	4.226924E-6
-6.251500	4.387577E-6
-6.245500	4.324131E-6
-6.239500	4.243804E-6
-6.233500	4.476402E-6
-6.227500	4.544039E-6
-6.221500	4.679430E-6
-6.215500	4.544039E-6
-6.209500	4.645553E-6
-6.203500	4.844391E-6
-6.197500	4.827394E-6
-6.191500	4.873960E-6
-6.185500	4.975474E-6
-6.179500	5.051610E-6
-6.173500	5.504000E-6
-6.167500	5.389913E-6
-6.161500	5.364534E-6
-6.155500	5.499809E-6
-6.149500	5.550566E-6
-6.143500	5.804352E-6
-6.137500	5.960814E-6
-6.131500	5.956506E-6
-6.125500	5.707028E-6
-6.119500	5.846610E-6
-6.113500	6.096088E-6
-6.107500	6.168033E-6
-6.101500	5.981885E-6
-6.095500	6.091897E-6
-6.089500	6.172224E-6
-6.083500	6.573973E-6
-6.077500	6.865710E-6
-6.071500	6.886898E-6
-6.065500	6.857328E-6
-6.059500	6.984221E-6
-6.053500	7.525436E-6
-6.047500	7.462106E-6
-6.041500	7.432420E-6
-6.035500	7.275958E-6
-6.029500	7.411349E-6
-6.023500	7.605879E-6
-6.017500	7.779221E-6
-6.011500	7.906114E-6
-6.005500	8.016010E-6
-5.999500	8.210540E-6
-5.993500	8.185161E-6
-5.987500	8.519273E-6
-5.981500	8.574221E-6
-5.975500	8.650357E-6
-5.969500	8.794130E-6
-5.963500	8.751871E-6
-5.957500	9.022537E-6
-5.951500	9.153620E-6
-5.945500	9.390409E-6
-5.939500	9.225565E-6
-5.933500	9.525800E-6
-5.927500	9.749900E-6
-5.921500	9.859796E-6
-5.915500	9.923242E-6
-5.909500	1.000369E-5
-5.903500	1.026154E-5
-5.897500	1.057878E-5
-5.891500	1.072255E-5
-5.885500	1.068448E-5
-5.879000	1.091708E-5
-5.873000	1.126807E-5
-5.867000	1.121731E-5
-5.861000	1.147529E-5
-5.855000	1.157681E-5
-5.849000	1.166982E-5
-5.843000	1.182628E-5
-5.837000	1.209276E-5
-5.831000	1.219846E-5
-5.825000	1.246482E-5
-5.819000	1.253677E-5
-5.813000	1.258752E-5
-5.807000	1.293002E-5
-5.801000	1.328951E-5
-5.795000	1.328101E-5
-5.789000	1.358136E-5
-5.783000	1.385191E-5
-5.777000	1.388579E-5
-5.771000	1.435517E-5
-5.765000	1.447357E-5
-5.759000	1.438905E-5
-5.753000	1.478661E-5
-5.747000	1.497264E-5
-5.741000	1.514598E-5
-5.735000	1.515448E-5
-5.729000	1.526019E-5
-5.723000	1.557742E-5
-5.717000	1.572957E-5
-5.711000	1.618208E-5
-5.705000	1.657114E-5
-5.699000	1.659652E-5
-5.693000	1.692644E-5
-5.687000	1.741271E-5
-5.681000	1.762842E-5
-5.675000	1.770875E-5
-5.669000	1.782295E-5
-5.663000	1.802167E-5
-5.657000	1.819513E-5
-5.651000	1.862226E-5
-5.645000	1.887593E-5
-5.639000	1.879979E-5
-5.633000	1.912971E-5
-5.627000	1.946371E-5
-5.621000	1.995859E-5
-5.615000	2.018688E-5
-5.609000	2.053368E-5
-5.603000	2.087199E-5
-5.597000	2.098200E-5
-5.591000	2.136256E-5
-5.585000	2.175162E-5
-5.579000	2.189120E-5
-5.573000	2.205605E-5
-5.567000	2.214918E-5
-5.561000	2.269889E-5
-5.555000	2.303300E-5
-5.549000	2.315140E-5
-5.543000	2.337981E-5
-5.537000	2.370111E-5
-5.531000	2.412824E-5
-5.525000	2.462300E-5
-5.519000	2.484291E-5
-5.513000	2.510939E-5
-5.507000	2.551533E-5
-5.501000	2.608204E-5
-5.495000	2.637808E-5
-5.489000	2.666982E-5
-5.483000	2.666563E-5
-5.477000	2.726610E-5
-5.471000	2.759602E-5
-5.465000	2.790894E-5
-5.459000	2.828531E-5
-5.453000	2.832338E-5
-5.447000	2.902118E-5
-5.441000	2.935948E-5
-5.435000	2.978242E-5
-5.429000	3.022212E-5
-5.423000	3.057322E-5
-5.417000	3.088184E-5
-5.411000	3.159232E-5
-5.405000	3.191375E-5
-5.399000	3.225205E-5
-5.393000	3.248465E-5
-5.387000	3.269187E-5
-5.381000	3.325858E-5
-5.375000	3.375753E-5
-5.369000	3.424392E-5
-5.363000	3.473018E-5
-5.357000	3.508548E-5
-5.351000	3.535184E-5
-5.345000	3.593543E-5
-5.339000	3.648945E-5
-5.333000	3.681087E-5
-5.327000	3.723369E-5
-5.321000	3.753824E-5
-5.315000	3.806257E-5
-5.309000	3.862078E-5
-5.303000	3.903103E-5
-5.297000	3.949623E-5
-5.291000	3.997411E-5
-5.285000	4.046038E-5
-5.279000	4.106935E-5
-5.273000	4.135701E-5
-5.267000	4.186865E-5
-5.261000	4.234235E-5
-5.254500	4.269753E-5
-5.248500	4.355179E-5
-5.242500	4.408462E-5
-5.236500	4.458358E-5
-5.230500	4.507846E-5
-5.224500	4.589884E-5
-5.218500	4.632177E-5
-5.212500	4.672352E-5
-5.206500	4.745508E-5
-5.200500	4.776381E-5
-5.194500	4.823320E-5
-5.188500	4.892680E-5
-5.182500	4.948070E-5
-5.176500	4.998397E-5
-5.170500	5.048304E-5
-5.164500	5.117652E-5
-5.158500	5.198002E-5
-5.152500	5.249598E-5
-5.146500	5.315570E-5
-5.140500	5.367165E-5
-5.134500	5.423825E-5
-5.128500	5.518133E-5
-5.122500	5.576492E-5
-5.116500	5.634432E-5
-5.110500	5.683908E-5
-5.104500	5.749881E-5
-5.098500	5.808659E-5
-5.092500	5.867449E-5
-5.086500	5.949487E-5
-5.080500	6.013759E-5
-5.074500	6.073818E-5
-5.068500	6.137672E-5
-5.062500	6.220979E-5
-5.056500	6.294565E-5
-5.050500	6.371958E-5
-5.044500	6.432855E-5
-5.038500	6.493321E-5
-5.032500	6.576639E-5
-5.026500	6.650644E-5
-5.020500	6.712379E-5
-5.014500	6.799505E-5
-5.008500	6.864208E-5
-5.002500	6.943289E-5
-4.996500	7.016445E-5
-4.990500	7.092569E-5
-4.984500	7.177563E-5
-4.978500	7.243967E-5
-4.972500	7.337844E-5
-4.966500	7.420313E-5
-4.960500	7.496856E-5
-4.954500	7.584819E-5
-4.948500	7.688417E-5
-4.942500	7.745088E-5
-4.936500	7.840246E-5
-4.930500	7.923134E-5
-4.924500	7.985719E-5
-4.918500	8.070294E-5
-4.912500	8.165021E-5
-4.906500	8.254673E-5
-4.900500	8.346443E-5
-4.894500	8.426793E-5
-4.888500	8.518144E-5
-4.882500	8.615409E-5
-4.876500	8.712243E-5
-4.870500	8.804863E-5
-4.864500	8.879288E-5
-4.858500	8.987973E-5
-4.852500	9.082700E-5
-4.846500	9.180396E-5
-4.840500	9.276811E-5
-4.834500	9.366882E-5
-4.828500	9.462039E-5
-4.822500	9.560143E-5
-4.816500	9.651494E-5
-4.810500	9.752985E-5
-4.804500	9.864208E-5
-4.798500	9.959785E-5
-4.792500	0.000101
-4.786500	0.000102
-4.780500	0.000103
-4.774500	0.000104
-4.768500	0.000105
-4.762500	0.000106
-4.756500	0.000107
-4.750500	0.000108
-4.744500	0.000109
-4.738500	0.000110
-4.732500	0.000111
-4.726500	0.000113
-4.720500	0.000114
-4.714500	0.000115
-4.708500	0.000116
-4.702500	0.000117
-4.696500	0.000118
-4.690500	0.000119
-4.684500	0.000121
-4.678500	0.000122
-4.672500	0.000123
-4.666500	0.000124
-4.660500	0.000125
-4.654500	0.000127
-4.648500	0.000128
-4.642500	0.000129
-4.636500	0.000130
-4.630000	0.000132
-4.624000	0.000133
-4.618000	0.000134
-4.612000	0.000135
-4.606000	0.000136
-4.600000	0.000138
-4.594000	0.000139
-4.588000	0.000140
-4.582000	0.000142
-4.576000	0.000143
-4.570000	0.000145
-4.564000	0.000146
-4.558000	0.000147
-4.552000	0.000149
-4.546000	0.000150
-4.540000	0.000151
-4.534000	0.000152
-4.528000	0.000154
-4.522000	0.000155
-4.516000	0.000157
-4.510000	0.000158
-4.504000	0.000159
-4.498000	0.000161
-4.492000	0.000162
-4.486000	0.000163
-4.480000	0.000165
-4.474000	0.000166
-4.468000	0.000168
-4.462000	0.000169
-4.456000	0.000170
-4.450000	0.000172
-4.444000	0.000173
-4.438000	0.000174
-4.432000	0.000176
-4.426000	0.000177
-4.420000	0.000179
-4.414000	0.000180
-4.408000	0.000181
-4.402000	0.000183
-4.396000	0.000184
-4.390000	0.000186
-4.384000	0.000187
-4.378000	0.000188
-4.372000	0.000189
-4.366000	0.000191
-4.360000	0.000192
-4.354000	0.000193
-4.348000	0.000195
-4.342000	0.000196
-4.336000	0.000197
-4.330000	0.000199
-4.324000	0.000200
-4.318000	0.000201
-4.312000	0.000202
-4.306000	0.000203
-4.300000	0.000205
-4.294000	0.000206
-4.288000	0.000207
-4.282000	0.000208
-4.276000	0.000209
-4.270000	0.000210
-4.264000	0.000211
-4.258000	0.000213
-4.252000	0.000213
-4.246000	0.000214
-4.240000	0.000215
-4.234000	0.000217
-4.228000	0.000218
-4.222000	0.000219
-4.216000	0.000219
-4.210000	0.000221
-4.204000	0.000222
-4.198000	0.000222
-4.192000	0.000223
-4.186000	0.000224
-4.180000	0.000225
-4.174000	0.000225
-4.168000	0.000226
-4.162000	0.000227
-4.156000	0.000228
-4.150000	0.000228
-4.144000	0.000229
-4.138000	0.000230
-4.132000	0.000230
-4.126000	0.000231
-4.120000	0.000232
-4.114000	0.000232
-4.108000	0.000233
-4.102000	0.000234
-4.096000	0.000234
-4.090000	0.000235
-4.084000	0.000235
-4.078000	0.000236
-4.072000	0.000236
-4.066000	0.000237
-4.060000	0.000237
-4.054000	0.000238
-4.048000	0.000238
-4.042000	0.000239
-4.036000	0.000239
-4.030000	0.000240
-4.024000	0.000241
-4.018000	0.000241
-4.012000	0.000241
-4.005500	0.000242
-3.999500	0.000242
-3.993500	0.000243
-3.987500	0.000243
-3.981500	0.000243
-3.975500	0.000244
-3.969500	0.000244
-3.963500	0.000245
-3.957500	0.000245
-3.951500	0.000246
-3.945500	0.000246
-3.939500	0.000246
-3.933500	0.000247
-3.927500	0.000247
-3.921500	0.000248
-3.915500	0.000248
-3.909500	0.000248
-3.903500	0.000249
-3.897500	0.000249
-3.891500	0.000250
-3.885500	0.000250
-3.879500	0.000250
-3.873500	0.000251
-3.867500	0.000251
-3.861500	0.000252
-3.855500	0.000252
-3.849500	0.000252
-3.843500	0.000253
-3.837500	0.000253
-3.831500	0.000254
-3.825500	0.000254
-3.819500	0.000254
-3.813500	0.000254
-3.807500	0.000255
-3.801500	0.000255
-3.795500	0.000256
-3.789500	0.000256
-3.783500	0.000256
-3.777500	0.000257
-3.771500	0.000257
-3.765500	0.000257
-3.759500	0.000258
-3.753500	0.000258
-3.747500	0.000259
-3.741500	0.000259
-3.735500	0.000259
-3.729500	0.000259
-3.723500	0.000260
-3.717500	0.000260
-3.711500	0.000260
-3.705500	0.000261
-3.699500	0.000261
-3.693500	0.000261
-3.687500	0.000262
-3.681500	0.000262
-3.675500	0.000262
-3.669500	0.000263
-3.663500	0.000263
-3.657500	0.000263
-3.651500	0.000264
-3.645500	0.000264
-3.639500	0.000264
-3.633500	0.000264
-3.627500	0.000265
-3.621500	0.000265
-3.615500	0.000265
-3.609500	0.000265
-3.603500	0.000266
-3.597500	0.000266
-3.591500	0.000266
-3.585500	0.000267
-3.579500	0.000267
-3.573500	0.000267
-3.567500	0.000268
-3.561500	0.000268
-3.555500	0.000268
-3.549500	0.000269
-3.543500	0.000269
-3.537500	0.000269
-3.531500	0.000269
-3.525500	0.000270
-3.519500	0.000270
-3.513500	0.000270
-3.507500	0.000270
-3.501500	0.000271
-3.495500	0.000271
-3.489500	0.000271
-3.483500	0.000272
-3.477500	0.000272
-3.471500	0.000272
-3.465500	0.000272
-3.459500	0.000273
-3.453500	0.000273
-3.447500	0.000273
-3.441500	0.000273
-3.435500	0.000274
-3.429500	0.000274
-3.423500	0.000274
-3.417500	0.000274
-3.411500	0.000275
-3.405500	0.000275
-3.399500	0.000275
-3.393500	0.000275
-3.387500	0.000276
-3.381000	0.000276
-3.375000	0.000276
-3.369000	0.000276
-3.363000	0.000277
-3.357000	0.000277
-3.351000	0.000277
-3.345000	0.000277
-3.339000	0.000278
-3.333000	0.000278
-3.327000	0.000278
-3.321000	0.000278
-3.315000	0.000279
-3.309000	0.000279
-3.303000	0.000279
-3.297000	0.000279
-3.291000	0.000279
-3.285000	0.000280
-3.279000	0.000280
-3.273000	0.000280
-3.267000	0.000280
-3.261000	0.000280
-3.255000	0.000281
-3.249000	0.000281
-3.243000	0.000281
-3.237000	0.000281
-3.231000	0.000281
-3.225000	0.000282
-3.219000	0.000282
-3.213000	0.000282
-3.207000	0.000283
-3.201000	0.000283
-3.195000	0.000283
-3.189000	0.000283
-3.183000	0.000284
-3.177000	0.000284
-3.171000	0.000284
-3.165000	0.000284
-3.159000	0.000284
-3.153000	0.000284
-3.147000	0.000285
-3.141000	0.000285
-3.135000	0.000285
-3.129000	0.000285
-3.123000	0.000286
-3.117000	0.000286
-3.111000	0.000286
-3.105000	0.000286
-3.099000	0.000286
-3.093000	0.000287
-3.087000	0.000287
-3.081000	0.000287
-3.075000	0.000287
-3.069000	0.000287
-3.063000	0.000287
-3.057000	0.000288
-3.051000	0.000288
-3.045000	0.000288
-3.039000	0.000288
-3.033000	0.000288
-3.027000	0.000289
-3.021000	0.000289
-3.015000	0.000289
-3.009000	0.000289
-3.003000	0.000289
-2.997000	0.000289
-2.991000	0.000290
-2.985000	0.000290
-2.979000	0.000290
-2.973000	0.000290
-2.967000	0.000290
-2.961000	0.000290
-2.955000	0.000290
-2.949000	0.000291
-2.943000	0.000291
-2.937000	0.000292
-2.931000	0.000292
-2.925000	0.000292
-2.919000	0.000292
-2.913000	0.000292
-2.907000	0.000292
-2.901000	0.000293
-2.895000	0.000293
-2.889000	0.000293
-2.883000	0.000293
-2.877000	0.000293
-2.871000	0.000293
-2.865000	0.000293
-2.859000	0.000293
-2.853000	0.000294
-2.847000	0.000294
-2.841000	0.000294
-2.835000	0.000294
-2.829000	0.000294
-2.823000	0.000295
-2.817000	0.000295
-2.811000	0.000295
-2.805000	0.000295
-2.799000	0.000295
-2.793000	0.000295
-2.787000	0.000295
-2.781000	0.000296
-2.775000	0.000296
-2.769000	0.000296
-2.763000	0.000296
-2.756500	0.000296
-2.750500	0.000297
-2.744500	0.000297
-2.738500	0.000297
-2.732500	0.000297
-2.726500	0.000297
-2.720500	0.000297
-2.714500	0.000298
-2.708500	0.000298
-2.702500	0.000298
-2.696500	0.000298
-2.690500	0.000298
-2.684500	0.000298
-2.678500	0.000298
-2.672500	0.000299
-2.666500	0.000299
-2.660500	0.000299
-2.654500	0.000299
-2.648500	0.000299
-2.642500	0.000299
-2.636500	0.000299
-2.630500	0.000300
-2.624500	0.000300
-2.618500	0.000300
-2.612500	0.000300
-2.606500	0.000300
-2.600500	0.000300
-2.594500	0.000300
-2.588500	0.000301
-2.582500	0.000301
-2.576500	0.000301
-2.570500	0.000301
-2.564500	0.000301
-2.558500	0.000301
-2.552500	0.000301
-2.546500	0.000302
-2.540500	0.000302
-2.534500	0.000302
-2.528500	0.000302
-2.522500	0.000302
-2.516500	0.000302
-2.510500	0.000302
-2.504500	0.000303
-2.498500	0.000303
-2.492500	0.000303
-2.486500	0.000303
-2.480500	0.000303
-2.474500	0.000303
-2.468500	0.000303
-2.462500	0.000303
-2.456500	0.000304
-2.450500	0.000304
-2.444500	0.000304
-2.438500	0.000304
-2.432500	0.000304
-2.426500	0.000304
-2.420500	0.000304
-2.414500	0.000304
-2.408500	0.000305
-2.402500	0.000305
-2.396500	0.000305
-2.390500	0.000305
-2.384500	0.000305
-2.378500	0.000305
-2.372500	0.000305
-2.366500	0.000306
-2.360500	0.000306
-2.354500	0.000306
-2.348500	0.000306
-2.342500	0.000306
-2.336500	0.000306
-2.330500	0.000306
-2.324500	0.000306
-2.318500	0.000306
-2.312500	0.000307
-2.306500	0.000307
-2.300500	0.000307
-2.294500	0.000307
-2.288500	0.000307
-2.282500	0.000307
-2.276500	0.000307
-2.270500	0.000307
-2.264500	0.000307
-2.258500	0.000308
-2.252500	0.000308
-2.246500	0.000308
-2.240500	0.000308
-2.234500	0.000308
-2.228500	0.000308
-2.222500	0.000308
-2.216500	0.000308
-2.210500	0.000308
-2.204500	0.000308
-2.198500	0.000309
-2.192500	0.000309
-2.186500	0.000309
-2.180500	0.000309
-2.174500	0.000309
-2.168500	0.000309
-2.162500	0.000310
-2.156500	0.000310
-2.150500	0.000310
-2.144500	0.000310
-2.138500	0.000310
-2.132000	0.000310
-2.126000	0.000310
-2.120000	0.000310
-2.114000	0.000310
-2.108000	0.000310
-2.102000	0.000310
-2.096000	0.000311
-2.090000	0.000311
-2.084000	0.000311
-2.078000	0.000311
-2.072000	0.000311
-2.066000	0.000311
-2.060000	0.000311
-2.054000	0.000311
-2.048000	0.000311
-2.042000	0.000312
-2.036000	0.000312
-2.030000	0.000312
-2.024000	0.000312
-2.018000	0.000312
-2.012000	0.000312
-2.006000	0.000312
-2.000000	0.000313
-1.994000	0.000313
-1.988000	0.000313
-1.982000	0.000313
-1.976000	0.000313
-1.970000	0.000313
-1.964000	0.000313
-1.958000	0.000313
-1.952000	0.000313
-1.946000	0.000313
-1.940000	0.000313
-1.934000	0.000314
-1.928000	0.000314
-1.922000	0.000314
-1.916000	0.000314
-1.910000	0.000314
-1.904000	0.000314
-1.898000	0.000314
-1.892000	0.000314
-1.886000	0.000314
-1.880000	0.000314
-1.874000	0.000315
-1.868000	0.000315
-1.862000	0.000315
-1.856000	0.000315
-1.850000	0.000315
-1.844000	0.000315
-1.838000	0.000315
-1.832000	0.000315
-1.826000	0.000315
-1.820000	0.000315
-1.814000	0.000316
-1.808000	0.000316
-1.802000	0.000316
-1.796000	0.000316
-1.790000	0.000316
-1.784000	0.000316
-1.778000	0.000316
-1.772000	0.000316
-1.766000	0.000316
-1.760000	0.000316
-1.754000	0.000316
-1.748000	0.000317
-1.742000	0.000317
-1.736000	0.000317
-1.730000	0.000317
-1.724000	0.000317
-1.718000	0.000317
-1.712000	0.000317
-1.706000	0.000317
-1.700000	0.000318
-1.694000	0.000318
-1.688000	0.000318
-1.682000	0.000318
-1.676000	0.000317
-1.670000	0.000318
-1.664000	0.000318
-1.658000	0.000318
-1.652000	0.000318
-1.646000	0.000318
-1.640000	0.000318
-1.634000	0.000318
-1.628000	0.000318
-1.622000	0.000318
-1.616000	0.000318
-1.610000	0.000319
-1.604000	0.000319
-1.598000	0.000319
-1.592000	0.000319
-1.586000	0.000319
-1.580000	0.000319
-1.574000	0.000319
-1.568000	0.000319
-1.562000	0.000319
-1.556000	0.000319
-1.550000	0.000319
-1.544000	0.000320
-1.538000	0.000320
-1.532000	0.000320
-1.526000	0.000320
-1.520000	0.000320
-1.514000	0.000320
-1.507500	0.000320
-1.501500	0.000320
-1.495500	0.000320
-1.489500	0.000320
-1.483500	0.000320
-1.477500	0.000320
-1.471500	0.000320
-1.465500	0.000321
-1.459500	0.000321
-1.453500	0.000321
-1.447500	0.000321
-1.441500	0.000321
-1.435500	0.000321
-1.429500	0.000321
-1.423500	0.000321
-1.417500	0.000321
-1.411500	0.000321
-1.405500	0.000321
-1.399500	0.000321
-1.393500	0.000322
-1.387500	0.000322
-1.381500	0.000322
-1.375500	0.000322
-1.369500	0.000322
-1.363500	0.000322
-1.357500	0.000322
-1.351500	0.000322
-1.345500	0.000322
-1.339500	0.000322
-1.333500	0.000322
-1.327500	0.000322
-1.321500	0.000323
-1.315500	0.000323
-1.309500	0.000323
-1.303500	0.000323
-1.297500	0.000323
-1.291500	0.000323
-1.285500	0.000323
-1.279500	0.000323
-1.273500	0.000323
-1.267500	0.000323
-1.261500	0.000323
-1.255500	0.000323
-1.249500	0.000323
-1.243500	0.000324
-1.237500	0.000324
-1.231500	0.000324
-1.225500	0.000324
-1.219500	0.000324
-1.213500	0.000324
-1.207500	0.000324
-1.201500	0.000324
-1.195500	0.000324
-1.189500	0.000324
-1.183500	0.000324
-1.177500	0.000324
-1.171500	0.000324
-1.165500	0.000325
-1.159500	0.000325
-1.153500	0.000325
-1.147500	0.000325
-1.141500	0.000325
-1.135500	0.000325
-1.129500	0.000325
-1.123500	0.000325
-1.117500	0.000325
-1.111500	0.000325
-1.105500	0.000325
-1.099500	0.000325
-1.093500	0.000325
-1.087500	0.000325
-1.081500	0.000325
-1.075500	0.000325
-1.069500	0.000326
-1.063500	0.000326
-1.057500	0.000326
-1.051500	0.000326
-1.045500	0.000326
-1.039500	0.000326
-1.033500	0.000326
-1.027500	0.000326
-1.021500	0.000326
-1.015500	0.000326
-1.009500	0.000326
-1.003500	0.000326
-0.997500	0.000326
-0.991500	0.000326
-0.985500	0.000326
-0.979500	0.000327
-0.973500	0.000327
-0.967500	0.000327
-0.961500	0.000327
-0.955500	0.000327
-0.949500	0.000327
-0.943500	0.000327
-0.937500	0.000327
-0.931500	0.000327
-0.925500	0.000327
-0.919500	0.000327
-0.913500	0.000327
-0.907500	0.000327
-0.901500	0.000327
-0.895500	0.000327
-0.889500	0.000327
-0.883000	0.000328
-0.877000	0.000328
-0.871000	0.000328
-0.865000	0.000328
-0.859000	0.000328
-0.853000	0.000328
-0.847000	0.000328
-0.841000	0.000328
-0.835000	0.000328
-0.829000	0.000328
-0.823000	0.000328
-0.817000	0.000328
-0.811000	0.000328
-0.805000	0.000328
-0.799000	0.000328
-0.793000	0.000329
-0.787000	0.000329
-0.781000	0.000329
-0.775000	0.000329
-0.769000	0.000329
-0.763000	0.000329
-0.757000	0.000329
-0.751000	0.000329
-0.745000	0.000329
-0.739000	0.000329
-0.733000	0.000329
-0.727000	0.000329
-0.721000	0.000329
-0.715000	0.000329
-0.709000	0.000329
-0.703000	0.000329
-0.697000	0.000330
-0.691000	0.000330
-0.685000	0.000329
-0.679000	0.000329
-0.673000	0.000330
-0.667000	0.000330
-0.661000	0.000330
-0.655000	0.000330
-0.649000	0.000330
-0.643000	0.000330
-0.637000	0.000330
-0.631000	0.000330
-0.625000	0.000330
-0.619000	0.000330
-0.613000	0.000330
-0.607000	0.000330
-0.601000	0.000330
-0.595000	0.000330
-0.589000	0.000330
-0.583000	0.000331
-0.577000	0.000330
-0.571000	0.000331
-0.565000	0.000331
-0.559000	0.000330
-0.553000	0.000331
-0.547000	0.000331
-0.541000	0.000331
-0.535000	0.000331
-0.529000	0.000331
-0.523000	0.000331
-0.517000	0.000331
-0.511000	0.000331
-0.505000	0.000331
-0.499000	0.000331
-0.493000	0.000331
-0.487000	0.000331
-0.481000	0.000331
-0.475000	0.000331
-0.469000	0.000331
-0.463000	0.000331
-0.457000	0.000331
-0.451000	0.000331
-0.445000	0.000332
-0.439000	0.000331
-0.433000	0.000332
-0.427000	0.000332
-0.421000	0.000332
-0.415000	0.000332
-0.409000	0.000332
-0.403000	0.000332
-0.397000	0.000332
-0.391000	0.000332
-0.385000	0.000332
-0.379000	0.000332
-0.373000	0.000332
-0.367000	0.000332
-0.361000	0.000332
-0.355000	0.000332
-0.349000	0.000332
-0.343000	0.000332
-0.337000	0.000332
-0.331000	0.000333
-0.325000	0.000333
-0.319000	0.000333
-0.313000	0.000333
-0.307000	0.000333
-0.301000	0.000333
-0.295000	0.000333
-0.289000	0.000333
-0.283000	0.000333
-0.277000	0.000333
-0.271000	0.000333
-0.265000	0.000333
-0.258500	0.000333
-0.252500	0.000333
-0.246500	0.000333
-0.240500	0.000333
-0.234500	0.000334
-0.228500	0.000333
-0.222500	0.000333
-0.216500	0.000333
-0.210500	0.000334
-0.204500	0.000334
-0.198500	0.000334
-0.192500	0.000334
-0.186500	0.000334
-0.180500	0.000334
-0.174500	0.000334
-0.168500	0.000334
-0.162500	0.000334
-0.156500	0.000334
-0.150500	0.000334
-0.144500	0.000334
-0.138500	0.000334
-0.132500	0.000334
-0.126500	0.000334
-0.120500	0.000334
-0.114500	0.000334
-0.108500	0.000334
-0.102500	0.000334
-0.096500	0.000334
-0.090500	0.000334
-0.084500	0.000334
-0.078500	0.000334
-0.072500	0.000334
-0.066500	0.000334
-0.060500	0.000334
-0.054500	0.000334
-0.048500	0.000335
-0.042500	0.000335
-0.036500	0.000335
-0.030500	0.000335
-0.024500	0.000335
-0.018500	0.000335
-0.012500	0.000335
-0.006500	0.000335
-0.000500	0.000335
