% Langmuir characteristic curve

% U (Volt)	I (A)
-15.000000	-4.459871E-7
-14.994000	-6.067567E-7
-14.988000	-4.037283E-7
-14.982000	-3.614696E-7
-14.976000	-3.910391E-7
-14.970000	-5.052425E-7
-14.964000	-1.330627E-7
-14.958000	-2.599554E-7
-14.952000	-3.444729E-7
-14.946000	-3.656605E-7
-14.940000	-2.472661E-7
-14.934000	-2.853340E-7
-14.928000	-2.599554E-7
-14.922000	-2.726447E-7
-14.916000	-4.798640E-7
-14.910000	-6.194459E-7
-14.904000	-3.783498E-7
-14.898000	-2.302695E-7
-14.892000	-4.501780E-7
-14.886000	-5.221227E-7
-14.880000	-1.330627E-7
-14.874000	-2.726447E-7
-14.868000	-3.234018E-7
-14.862000	-3.656605E-7
-14.856000	-3.952300E-7
-14.850000	-2.641464E-7
-14.844000	-1.965091E-7
-14.838000	-3.360910E-7
-14.832000	-2.599554E-7
-14.826000	-4.671747E-7
-14.820000	-4.628673E-7
-14.814000	-2.387678E-7
-14.808000	-4.079193E-7
-14.802000	-4.925532E-7
-14.796000	-4.079193E-7
-14.790000	-3.656605E-7
-14.784000	-3.741588E-7
-14.778000	-2.260786E-7
-14.772000	-2.345769E-7
-14.766000	-3.993046E-8
-14.760000	-3.952300E-7
-14.754000	-2.345769E-7
-14.748000	-2.472661E-7
-14.742000	-3.571622E-7
-14.736000	-5.052425E-7
-14.730000	-3.529713E-7
-14.724000	-5.433103E-7
-14.718000	-2.472661E-7
-14.712000	-3.698515E-7
-14.706000	-3.952300E-7
-14.700000	-4.798640E-7
-14.694000	-3.783498E-7
-14.688000	-2.091983E-7
-14.682000	-2.302695E-7
-14.676000	-3.402820E-7
-14.670000	-1.584413E-7
-14.664000	-2.260786E-7
-14.658000	-4.206086E-7
-14.652000	-3.275927E-7
-14.645500	-3.487803E-7
-14.639500	-3.741588E-7
-14.633500	-4.798640E-7
-14.627500	-4.713656E-7
-14.621500	-4.671747E-7
-14.615500	-4.206086E-7
-14.609500	-3.910391E-7
-14.603500	-2.345769E-7
-14.597500	-2.641464E-7
-14.591500	-2.345769E-7
-14.585500	-1.541339E-7
-14.579500	-2.260786E-7
-14.573500	-1.245644E-7
-14.567500	-2.980232E-7
-14.561500	-3.234018E-7
-14.555500	-3.698515E-7
-14.549500	-3.614696E-7
-14.543500	-5.728798E-7
-14.537500	-4.501780E-7
-14.531500	-4.628673E-7
-14.525500	-2.133893E-7
-14.519500	-3.656605E-7
-14.513500	-3.571622E-7
-14.507500	-2.599554E-7
-14.501500	-2.218876E-7
-14.495500	-3.107125E-7
-14.489500	-3.910391E-7
-14.483500	-3.360910E-7
-14.477500	-3.064051E-7
-14.471500	-3.275927E-7
-14.465500	-3.234018E-7
-14.459500	-5.559996E-7
-14.453500	-4.206086E-7
-14.447500	-4.967442E-7
-14.441500	-6.955815E-7
-14.435500	-6.617047E-7
-14.429500	-3.149034E-7
-14.423500	-4.798640E-7
-14.417500	-1.033768E-7
-14.411500	-2.683373E-7
-14.405500	-1.838198E-7
-14.399500	-3.529713E-7
-14.393500	-2.260786E-7
-14.387500	-2.218876E-7
-14.381500	-3.234018E-7
-14.375500	-3.783498E-7
-14.369500	-3.234018E-7
-14.363500	-4.882459E-7
-14.357500	-4.459871E-7
-14.351500	-2.260786E-7
-14.345500	-3.952300E-7
-14.339500	-3.783498E-7
-14.333500	-3.741588E-7
-14.327500	-3.571622E-7
-14.321500	-2.472661E-7
-14.315500	-3.360910E-7
-14.309500	-2.683373E-7
-14.303500	-2.895249E-7
-14.297500	-2.556480E-7
-14.291500	-2.556480E-7
-14.285500	-1.330627E-7
-14.279500	-5.475013E-7
-14.273500	-4.459871E-7
-14.267500	-4.374888E-7
-14.261500	-5.433103E-7
-14.255500	-5.516922E-7
-14.249500	-3.571622E-7
-14.243500	-3.952300E-7
-14.237500	-8.649658E-8
-14.231500	-3.107125E-7
-14.225500	-1.584413E-7
-14.219500	-1.626322E-7
-14.213500	-3.487803E-7
-14.207500	-1.838198E-7
-14.201500	-3.107125E-7
-14.195500	-2.726447E-7
-14.189500	-2.007000E-7
-14.183500	-4.628673E-7
-14.177500	-4.291069E-7
-14.171500	-4.501780E-7
-14.165500	-5.433103E-7
-14.159500	-5.390029E-7
-14.153500	-3.022142E-7
-14.147500	-2.726447E-7
-14.141500	-2.514571E-7
-14.135500	-3.867317E-7
-14.129500	-1.584413E-7
-14.123500	-1.668232E-7
-14.117500	-2.091983E-7
-14.111500	-3.107125E-7
-14.105500	-3.190944E-7
-14.099500	-3.234018E-7
-14.093500	-2.429588E-7
-14.087500	-4.417961E-7
-14.081500	-3.910391E-7
-14.075500	-3.867317E-7
-14.069500	-6.785849E-7
-14.063500	-1.372537E-7
-14.057500	-2.726447E-7
-14.051500	-2.007000E-7
-14.045500	-2.641464E-7
-14.039500	-3.741588E-7
-14.033500	-3.402820E-7
-14.027500	-1.414446E-7
-14.021500	-2.683373E-7
-14.015500	-2.683373E-7
-14.009500	-3.234018E-7
-14.003500	-3.698515E-7
-13.997500	-5.475013E-7
-13.991500	-3.614696E-7
-13.985500	-5.475013E-7
-13.979500	-2.048910E-7
-13.973500	-2.810266E-7
-13.967500	-2.768356E-7
-13.961500	-2.599554E-7
-13.955500	-2.091983E-7
-13.949000	-2.599554E-7
-13.943000	-2.260786E-7
-13.937000	-2.007000E-7
-13.931000	-2.514571E-7
-13.925000	-4.459871E-7
-13.919000	-4.713656E-7
-13.913000	-4.079193E-7
-13.907000	-3.698515E-7
-13.901000	-4.586764E-7
-13.895000	-4.332978E-7
-13.889000	-4.121102E-7
-13.883000	-3.317837E-7
-13.877000	-2.429588E-7
-13.871000	-3.360910E-7
-13.865000	-2.133893E-7
-13.859000	-2.260786E-7
-13.853000	-2.345769E-7
-13.847000	-1.626322E-7
-13.841000	-4.628673E-7
-13.835000	-4.882459E-7
-13.829000	-2.726447E-7
-13.823000	-3.360910E-7
-13.817000	-4.798640E-7
-13.811000	-3.614696E-7
-13.805000	-4.713656E-7
-13.799000	-3.529713E-7
-13.793000	-3.022142E-7
-13.787000	-3.571622E-7
-13.781000	-4.332978E-7
-13.775000	-2.260786E-7
-13.769000	-3.529713E-7
-13.763000	-3.317837E-7
-13.757000	-1.838198E-7
-13.751000	-2.007000E-7
-13.745000	-2.683373E-7
-13.739000	-2.345769E-7
-13.733000	-3.444729E-7
-13.727000	-4.628673E-7
-13.721000	-3.698515E-7
-13.715000	-4.586764E-7
-13.709000	-4.079193E-7
-13.703000	-1.922017E-7
-13.697000	-4.374888E-7
-13.691000	-2.345769E-7
-13.685000	-2.133893E-7
-13.679000	-2.683373E-7
-13.673000	-1.838198E-7
-13.667000	-2.302695E-7
-13.661000	-2.980232E-7
-13.655000	-2.641464E-7
-13.649000	-4.671747E-7
-13.643000	-1.838198E-7
-13.637000	-3.825407E-7
-13.631000	-5.982583E-7
-13.625000	-4.332978E-7
-13.619000	-4.079193E-7
-13.613000	-5.728798E-7
-13.607000	-3.698515E-7
-13.601000	-3.064051E-7
-13.595000	-2.810266E-7
-13.589000	-2.556480E-7
-13.583000	-3.741588E-7
-13.577000	-1.838198E-7
-13.571000	-2.768356E-7
-13.565000	-3.656605E-7
-13.559000	-4.417961E-7
-13.553000	-3.783498E-7
-13.547000	-1.965091E-7
-13.541000	-5.433103E-7
-13.535000	-3.656605E-7
-13.529000	-4.291069E-7
-13.523000	-5.094334E-7
-13.517000	-1.118751E-7
-13.511000	-4.332978E-7
-13.505000	-1.922017E-7
-13.499000	-1.036096E-8
-13.493000	-1.626322E-7
-13.487000	-3.656605E-7
-13.481000	-2.260786E-7
-13.475000	-2.683373E-7
-13.469000	-2.810266E-7
-13.463000	-3.275927E-7
-13.457000	-4.671747E-7
-13.451000	-2.091983E-7
-13.445000	-5.179318E-7
-13.439000	-3.910391E-7
-13.433000	-1.965091E-7
-13.427000	-3.910391E-7
-13.421000	-3.698515E-7
-13.415000	-6.961636E-8
-13.409000	-2.218876E-7
-13.403000	-1.584413E-7
-13.397000	-2.048910E-7
-13.391000	-2.218876E-7
-13.385000	-2.175802E-7
-13.379000	-2.345769E-7
-13.373000	-3.571622E-7
-13.367000	-5.770708E-7
-13.361000	-4.459871E-7
-13.355000	-4.374888E-7
-13.349000	-5.686888E-7
-13.343000	-3.402820E-7
-13.337000	-3.107125E-7
-13.331000	-4.713656E-7
-13.325000	-2.514571E-7
-13.319000	-1.795124E-7
-13.313000	-2.387678E-7
-13.307000	-2.472661E-7
-13.301000	-2.218876E-7
-13.295000	-1.880107E-7
-13.289000	-2.599554E-7
-13.283000	-2.853340E-7
-13.277000	-3.571622E-7
-13.271000	-3.825407E-7
-13.265000	-4.121102E-7
-13.258500	-3.656605E-7
-13.252500	-4.037283E-7
-13.246500	-2.980232E-7
-13.240500	-3.234018E-7
-13.234500	-2.556480E-7
-13.228500	-5.261973E-8
-13.222500	-1.499429E-7
-13.216500	-1.753215E-7
-13.210500	-1.330627E-7
-13.204500	-2.683373E-7
-13.198500	-3.529713E-7
-13.192500	-3.275927E-7
-13.186500	-3.402820E-7
-13.180500	-1.965091E-7
-13.174500	-2.556480E-7
-13.168500	-3.614696E-7
-13.162500	-4.417961E-7
-13.156500	-3.487803E-7
-13.150500	-2.853340E-7
-13.144500	-3.656605E-7
-13.138500	-4.121102E-7
-13.132500	-2.980232E-7
-13.126500	-2.514571E-7
-13.120500	-3.275927E-7
-13.114500	-1.880107E-7
-13.108500	-2.853340E-7
-13.102500	-5.094334E-7
-13.096500	-4.501780E-7
-13.090500	-5.390029E-7
-13.084500	-1.965091E-7
-13.078500	-5.179318E-7
-13.072500	-3.994210E-7
-13.066500	-3.529713E-7
-13.060500	-2.599554E-7
-13.054500	-4.374888E-7
-13.048500	-1.965091E-7
-13.042500	-2.133893E-7
-13.036500	-1.466833E-8
-13.030500	-1.838198E-7
-13.024500	-2.345769E-7
-13.018500	-2.810266E-7
-13.012500	-2.641464E-7
-13.006500	-4.755566E-7
-13.000500	-5.516922E-7
-12.994500	-4.671747E-7
-12.988500	-2.175802E-7
-12.982500	-3.825407E-7
-12.976500	-3.825407E-7
-12.970500	-2.980232E-7
-12.964500	-2.514571E-7
-12.958500	-2.937159E-7
-12.952500	-3.317837E-7
-12.946500	-2.599554E-7
-12.940500	-2.387678E-7
-12.934500	-2.726447E-7
-12.928500	-3.149034E-7
-12.922500	-9.918585E-8
-12.916500	-3.022142E-7
-12.910500	-3.360910E-7
-12.904500	-3.571622E-7
-12.898500	-5.643815E-7
-12.892500	-4.501780E-7
-12.886500	-4.291069E-7
-12.880500	-3.234018E-7
-12.874500	-2.641464E-7
-12.868500	-2.091983E-7
-12.862500	-2.133893E-7
-12.856500	-2.218876E-7
-12.850500	-2.091983E-7
-12.844500	-2.133893E-7
-12.838500	-2.218876E-7
-12.832500	-3.275927E-7
-12.826500	-3.317837E-7
-12.820500	-4.332978E-7
-12.814500	-5.263137E-7
-12.808500	-4.332978E-7
-12.802500	-3.698515E-7
-12.796500	-3.444729E-7
-12.790500	-3.698515E-7
-12.784500	-5.052425E-7
-12.778500	-4.247995E-7
-12.772500	-3.107125E-7
-12.766500	-2.302695E-7
-12.760500	-3.444729E-7
-12.754500	-2.641464E-7
-12.748500	-2.853340E-7
-12.742500	-5.390029E-7
-12.736500	-3.656605E-7
-12.730500	-4.247995E-7
-12.724500	-3.190944E-7
-12.718500	-5.643815E-7
-12.712500	-3.360910E-7
-12.706500	-4.586764E-7
-12.700500	-1.287553E-7
-12.694500	-4.544854E-7
-12.688500	-2.048910E-7
-12.682500	-3.360910E-7
-12.676500	-3.529713E-7
-12.670500	-1.245644E-7
-12.664500	-2.514571E-7
-12.658500	-3.360910E-7
-12.652500	-4.374888E-7
-12.646500	-4.713656E-7
-12.640500	-3.952300E-7
-12.634500	-4.374888E-7
-12.628500	-5.643815E-7
-12.622500	-3.952300E-7
-12.616500	-3.360910E-7
-12.610500	-5.263137E-7
-12.604500	-1.118751E-7
-12.598500	-2.599554E-7
-12.592500	-3.952300E-7
-12.586500	-3.656605E-7
-12.580500	-1.795124E-7
-12.574500	-3.614696E-7
-12.568000	-2.175802E-7
-12.562000	-2.810266E-7
-12.556000	-1.076842E-7
-12.550000	-2.980232E-7
-12.544000	-3.487803E-7
-12.538000	-4.544854E-7
-12.532000	-3.529713E-7
-12.526000	-4.206086E-7
-12.520000	-3.741588E-7
-12.514000	-2.810266E-7
-12.508000	-4.206086E-7
-12.502000	-2.895249E-7
-12.496000	-1.245644E-7
-12.490000	-1.036096E-8
-12.484000	-3.234018E-7
-12.478000	-2.218876E-7
-12.472000	-4.037283E-7
-12.466000	-2.599554E-7
-12.460000	-4.374888E-7
-12.454000	-2.514571E-7
-12.448000	-4.332978E-7
-12.442000	-1.965091E-7
-12.436000	-5.475013E-7
-12.430000	-2.810266E-7
-12.424000	-2.810266E-7
-12.418000	-4.586764E-7
-12.412000	-2.810266E-7
-12.406000	-1.584413E-7
-12.400000	-2.345769E-7
-12.394000	-1.499429E-7
-12.388000	-1.668232E-7
-12.382000	-3.444729E-7
-12.376000	-9.068754E-8
-12.370000	-2.895249E-7
-12.364000	-3.234018E-7
-12.358000	-3.867317E-7
-12.352000	-4.544854E-7
-12.346000	-3.487803E-7
-12.340000	-4.247995E-7
-12.334000	-5.052425E-7
-12.328000	-2.810266E-7
-12.322000	-2.641464E-7
-12.316000	-2.387678E-7
-12.310000	2.328306E-9
-12.304000	-1.457520E-7
-12.298000	-3.571622E-7
-12.292000	-2.048910E-7
-12.286000	-2.937159E-7
-12.280000	-3.444729E-7
-12.274000	-3.234018E-7
-12.268000	-2.302695E-7
-12.262000	-4.459871E-7
-12.256000	-3.825407E-7
-12.250000	-5.179318E-7
-12.244000	-3.234018E-7
-12.238000	-3.064051E-7
-12.232000	-2.599554E-7
-12.226000	-2.514571E-7
-12.220000	-1.979060E-9
-12.214000	-3.234018E-7
-12.208000	-3.402820E-7
-12.202000	-2.556480E-7
-12.196000	-2.387678E-7
-12.190000	-1.922017E-7
-12.184000	-6.912742E-7
-12.178000	-4.332978E-7
-12.172000	-4.544854E-7
-12.166000	-4.882459E-7
-12.160000	-3.614696E-7
-12.154000	-4.713656E-7
-12.148000	-4.798640E-7
-12.142000	-4.079193E-7
-12.136000	-1.753215E-7
-12.130000	-2.641464E-7
-12.124000	-3.571622E-7
-12.118000	-1.203734E-7
-12.112000	-3.360910E-7
-12.106000	-3.698515E-7
-12.100000	-3.360910E-7
-12.094000	-2.895249E-7
-12.088000	-4.798640E-7
-12.082000	-3.741588E-7
-12.076000	-5.475013E-7
-12.070000	-4.755566E-7
-12.064000	-3.867317E-7
-12.058000	-3.107125E-7
-12.052000	-2.895249E-7
-12.046000	-1.795124E-7
-12.040000	-1.626322E-7
-12.034000	-1.372537E-7
-12.028000	-6.170012E-9
-12.022000	-2.133893E-7
-12.016000	-4.544854E-7
-12.010000	-2.514571E-7
-12.004000	-4.247995E-7
-11.998000	-3.529713E-7
-11.992000	-3.529713E-7
-11.986000	-3.275927E-7
-11.980000	-3.910391E-7
-11.974000	-5.136244E-7
-11.968000	-2.937159E-7
-11.962000	-8.649658E-8
-11.956000	-2.514571E-7
-11.950000	-2.387678E-7
-11.944000	-3.529713E-7
-11.938000	-1.372537E-7
-11.932000	-2.133893E-7
-11.926000	-3.064051E-7
-11.920000	-4.206086E-7
-11.914000	-1.457520E-7
-11.908000	-3.444729E-7
-11.902000	-5.094334E-7
-11.896000	-2.133893E-7
-11.890000	-3.783498E-7
-11.884000	-2.768356E-7
-11.878000	-4.501780E-7
-11.871500	-4.206086E-7
-11.865500	-3.234018E-7
-11.859500	-3.022142E-7
-11.853500	-1.753215E-7
-11.847500	2.339948E-8
-11.841500	-2.175802E-7
-11.835500	-2.175802E-7
-11.829500	-2.980232E-7
-11.823500	-2.980232E-7
-11.817500	-3.994210E-7
-11.811500	-3.149034E-7
-11.805500	-2.218876E-7
-11.799500	-4.374888E-7
-11.793500	-3.825407E-7
-11.787500	-2.429588E-7
-11.781500	-9.918585E-8
-11.775500	-4.967442E-7
-11.769500	-2.726447E-7
-11.763500	-1.668232E-7
-11.757500	-1.979060E-9
-11.751500	-2.599554E-7
-11.745500	-2.133893E-7
-11.739500	-2.472661E-7
-11.733500	-3.656605E-7
-11.727500	-3.867317E-7
-11.721500	-2.726447E-7
-11.715500	-3.656605E-7
-11.709500	-3.444729E-7
-11.703500	-3.317837E-7
-11.697500	-2.683373E-7
-11.691500	-2.683373E-7
-11.685500	-2.895249E-7
-11.679500	-1.711305E-7
-11.673500	-2.387678E-7
-11.667500	-3.064051E-7
-11.661500	-6.961636E-8
-11.655500	-2.387678E-7
-11.649500	-2.091983E-7
-11.643500	-2.429588E-7
-11.637500	-3.234018E-7
-11.631500	-3.487803E-7
-11.625500	-3.741588E-7
-11.619500	-4.332978E-7
-11.613500	-3.571622E-7
-11.607500	-3.107125E-7
-11.601500	-3.360910E-7
-11.595500	-2.007000E-7
-11.589500	-2.514571E-7
-11.583500	-2.429588E-7
-11.577500	-1.414446E-7
-11.571500	-1.457520E-7
-11.565500	-7.799827E-8
-11.559500	-2.980232E-7
-11.553500	-3.317837E-7
-11.547500	-3.910391E-7
-11.541500	-4.417961E-7
-11.535500	-3.867317E-7
-11.529500	-5.516922E-7
-11.523500	-3.741588E-7
-11.517500	-5.433103E-7
-11.511500	-2.260786E-7
-11.505500	-2.091983E-7
-11.499500	-1.711305E-7
-11.493500	-9.068754E-8
-11.487500	-1.245644E-7
-11.481500	-1.414446E-7
-11.475500	-1.711305E-7
-11.469500	-3.360910E-7
-11.463500	-2.387678E-7
-11.457500	-3.487803E-7
-11.451500	-4.291069E-7
-11.445500	-3.571622E-7
-11.439500	-4.079193E-7
-11.433500	-4.037283E-7
-11.427500	-4.925532E-7
-11.421500	-4.332978E-7
-11.415500	-2.387678E-7
-11.409500	-1.499429E-7
-11.403500	-1.076842E-7
-11.397500	-1.499429E-7
-11.391500	-2.599554E-7
-11.385500	2.339948E-8
-11.379500	-3.698515E-7
-11.373500	-2.768356E-7
-11.367500	-3.402820E-7
-11.361500	-3.614696E-7
-11.355500	-5.601905E-7
-11.349500	-2.133893E-7
-11.343500	-3.698515E-7
-11.337500	-2.556480E-7
-11.331500	-2.853340E-7
-11.325500	-2.980232E-7
-11.319500	-2.472661E-7
-11.313500	-1.203734E-7
-11.307500	-3.022142E-7
-11.301500	-1.753215E-7
-11.295500	-1.541339E-7
-11.289500	-2.599554E-7
-11.283500	-2.641464E-7
-11.277500	-1.203734E-7
-11.271500	-3.487803E-7
-11.265500	-3.317837E-7
-11.259500	-3.360910E-7
-11.253500	-3.487803E-7
-11.247500	-3.487803E-7
-11.241500	-2.937159E-7
-11.235500	-5.813781E-7
-11.229500	-3.529713E-7
-11.223500	-1.668232E-7
-11.217500	-9.918585E-8
-11.211500	-2.302695E-7
-11.205500	-1.372537E-7
-11.199500	-2.260786E-7
-11.193500	-9.499490E-8
-11.187500	-3.107125E-7
-11.181000	-3.487803E-7
-11.175000	-3.571622E-7
-11.169000	-3.994210E-7
-11.163000	-4.882459E-7
-11.157000	-3.529713E-7
-11.151000	-4.206086E-7
-11.145000	-3.149034E-7
-11.139000	-2.429588E-7
-11.133000	-8.649658E-8
-11.127000	-1.584413E-7
-11.121000	-9.499490E-8
-11.115000	-1.372537E-7
-11.109000	-2.218876E-7
-11.103000	-2.133893E-7
-11.097000	-3.022142E-7
-11.091000	-1.668232E-7
-11.085000	-3.952300E-7
-11.079000	-3.444729E-7
-11.073000	-3.444729E-7
-11.067000	-4.164176E-7
-11.061000	-1.245644E-7
-11.055000	-2.048910E-7
-11.049000	-1.668232E-7
-11.043000	-2.937159E-7
-11.037000	-1.076842E-7
-11.031000	-3.149034E-7
-11.025000	-2.768356E-7
-11.019000	-2.091983E-7
-11.013000	-2.302695E-7
-11.007000	-3.234018E-7
-11.001000	-4.713656E-7
-10.995000	-3.487803E-7
-10.989000	-2.091983E-7
-10.983000	-2.980232E-7
-10.977000	-3.910391E-7
-10.971000	-3.190944E-7
-10.965000	-2.556480E-7
-10.959000	-1.922017E-7
-10.953000	-1.076842E-7
-10.947000	-9.068754E-8
-10.941000	-1.160661E-7
-10.935000	-1.838198E-7
-10.929000	-2.048910E-7
-10.923000	-1.880107E-7
-10.917000	-3.107125E-7
-10.911000	-2.683373E-7
-10.905000	-1.457520E-7
-10.899000	-3.529713E-7
-10.893000	-2.853340E-7
-10.887000	-4.037283E-7
-10.881000	-2.429588E-7
-10.875000	-1.753215E-7
-10.869000	-2.260786E-7
-10.863000	-2.937159E-7
-10.857000	-1.965091E-7
-10.851000	-1.372537E-7
-10.845000	1.920853E-8
-10.839000	-9.918585E-8
-10.833000	-1.753215E-7
-10.827000	-3.783498E-7
-10.821000	-2.556480E-7
-10.815000	-1.287553E-7
-10.809000	-2.937159E-7
-10.803000	-3.783498E-7
-10.797000	-4.628673E-7
-10.791000	-2.345769E-7
-10.785000	-1.880107E-7
-10.779000	-1.922017E-7
-10.773000	-2.937159E-7
-10.767000	-1.965091E-7
-10.761000	-1.245644E-7
-10.755000	-2.556480E-7
-10.749000	-9.068754E-8
-10.743000	-1.457520E-7
-10.737000	-1.753215E-7
-10.731000	-2.726447E-7
-10.725000	-5.516922E-7
-10.719000	-3.234018E-7
-10.713000	-3.275927E-7
-10.707000	-2.556480E-7
-10.701000	-2.007000E-7
-10.695000	-2.641464E-7
-10.689000	-1.466833E-8
-10.683000	-2.726447E-7
-10.677000	-2.599554E-7
-10.671000	-1.033768E-7
-10.665000	-3.993046E-8
-10.659000	-5.261973E-8
-10.653000	-8.649658E-8
-10.647000	-1.203734E-7
-10.641000	-1.499429E-7
-10.635000	-3.190944E-7
-10.629000	-2.980232E-7
-10.623000	-9.918585E-8
-10.617000	-3.529713E-7
-10.611000	-2.218876E-7
-10.605000	-1.965091E-7
-10.599000	-6.961636E-8
-10.593000	-6.111804E-8
-10.587000	-2.302695E-7
-10.581000	-2.091983E-7
-10.575000	-1.287553E-7
-10.569000	2.770685E-8
-10.563000	-1.499429E-7
-10.557000	-2.175802E-7
-10.551000	-1.838198E-7
-10.545000	-2.556480E-7
-10.539000	-1.922017E-7
-10.533000	-2.726447E-7
-10.527000	-4.332978E-7
-10.521000	-2.345769E-7
-10.515000	-1.626322E-7
-10.509000	-1.584413E-7
-10.503000	-1.245644E-7
-10.497000	-7.799827E-8
-10.491000	-2.007000E-7
-10.484500	-6.961636E-8
-10.478500	-4.842877E-8
-10.472500	-2.305023E-8
-10.466500	-7.380731E-8
-10.460500	-9.918585E-8
-10.454500	-2.429588E-7
-10.448500	-2.302695E-7
-10.442500	-1.466833E-8
-10.436500	-2.472661E-7
-10.430500	-1.372537E-7
-10.424500	-1.541339E-7
-10.418500	-1.033768E-7
-10.412500	1.629815E-7
-10.406500	-5.261973E-8
-10.400500	1.501758E-8
-10.394500	-1.160661E-7
-10.388500	6.146729E-8
-10.382500	-1.979060E-9
-10.376500	1.501758E-8
-10.370500	-1.245644E-7
-10.364500	-1.330627E-7
-10.358500	-7.380731E-8
-10.352500	-2.175802E-7
-10.346500	-1.626322E-7
-10.340500	-1.414446E-7
-10.334500	9.115320E-8
-10.328500	-1.541339E-7
-10.322500	-2.724119E-8
-10.316500	-1.711305E-7
-10.310500	1.920853E-8
-10.304500	2.339948E-8
-10.298500	1.038425E-7
-10.292500	4.877802E-8
-10.286500	2.010493E-7
-10.280500	8.265488E-8
-10.274500	-1.711305E-7
-10.268500	-3.993046E-8
-10.262500	-7.380731E-8
-10.256500	-2.305023E-8
-10.250500	-1.457520E-7
-10.244500	-3.993046E-8
-10.238500	9.534415E-8
-10.232500	1.926674E-7
-10.226500	1.545995E-7
-10.220500	5.308539E-8
-10.214500	3.575115E-7
-10.208500	2.010493E-7
-10.202500	1.165317E-7
-10.196500	-1.036096E-8
-10.190500	2.644956E-7
-10.184500	3.608875E-8
-10.178500	9.534415E-8
-10.172500	1.501758E-8
-10.166500	9.115320E-8
-10.160500	4.039612E-8
-10.154500	-1.979060E-9
-10.148500	3.364403E-7
-10.142500	1.376029E-7
-10.136500	2.603047E-7
-10.130500	2.983725E-7
-10.124500	2.053566E-7
-10.118500	2.476154E-7
-10.112500	2.686866E-7
-10.106500	3.110617E-7
-10.100500	2.349261E-7
-10.094500	3.618188E-7
-10.088500	1.038425E-7
-10.082500	1.419103E-7
-10.076500	3.364403E-7
-10.070500	9.115320E-8
-10.064500	2.095476E-7
-10.058500	2.940651E-7
-10.052500	-3.993046E-8
-10.046500	2.433080E-7
-10.040500	2.476154E-7
-10.034500	3.745081E-7
-10.028500	2.729939E-7
-10.022500	4.632166E-7
-10.016500	2.391171E-7
-10.010500	3.491296E-7
-10.004500	3.491296E-7
-9.998500	2.433080E-7
-9.992500	2.771849E-7
-9.986500	2.391171E-7
-9.980500	2.476154E-7
-9.974500	3.279420E-7
-9.968500	4.548347E-7
-9.962500	4.885951E-7
-9.956500	5.774200E-7
-9.950500	7.296912E-7
-9.944500	5.944166E-7
-9.938500	5.901093E-7
-9.932500	6.408663E-7
-9.926500	4.885951E-7
-9.920500	6.366754E-7
-9.914500	5.436596E-7
-9.908500	5.563488E-7
-9.902500	7.001217E-7
-9.896500	5.097827E-7
-9.890500	5.224720E-7
-9.884500	5.944166E-7
-9.878500	6.112969E-7
-9.872500	6.450573E-7
-9.866500	8.015195E-7
-9.860500	7.592607E-7
-9.854500	6.874325E-7
-9.848500	7.338822E-7
-9.842500	8.353963E-7
-9.836500	5.436596E-7
-9.830500	8.312054E-7
-9.824500	8.312054E-7
-9.818500	6.281771E-7
-9.812500	9.707874E-7
-9.806500	8.438947E-7
-9.800000	7.508788E-7
-9.794000	6.789342E-7
-9.788000	8.522766E-7
-9.782000	9.242212E-7
-9.776000	8.734642E-7
-9.770000	1.042616E-6
-9.764000	1.135631E-6
-9.758000	1.372537E-6
-9.752000	1.152628E-6
-9.746000	1.190579E-6
-9.740000	1.232955E-6
-9.734000	1.118751E-6
-9.728000	9.200303E-7
-9.722000	1.110253E-6
-9.716000	1.241337E-6
-9.710000	1.418986E-6
-9.704000	1.156819E-6
-9.698000	1.237146E-6
-9.692000	1.199078E-6
-9.686000	1.414795E-6
-9.680000	1.533190E-6
-9.674000	1.431676E-6
-9.668000	1.528999E-6
-9.662000	1.812237E-6
-9.656000	1.638895E-6
-9.650000	1.723529E-6
-9.644000	1.782668E-6
-9.638000	1.406297E-6
-9.632000	1.647393E-6
-9.626000	1.562759E-6
-9.620000	1.457054E-6
-9.614000	1.913751E-6
-9.608000	1.795357E-6
-9.602000	1.689652E-6
-9.596000	1.913751E-6
-9.590000	1.981389E-6
-9.584000	2.061832E-6
-9.578000	2.150540E-6
-9.572000	2.192915E-6
-9.566000	2.192915E-6
-9.560000	2.120971E-6
-9.554000	2.053333E-6
-9.548000	2.387445E-6
-9.542000	2.142158E-6
-9.536000	2.133660E-6
-9.530000	2.273242E-6
-9.524000	2.311310E-6
-9.518000	2.357760E-6
-9.512000	2.273242E-6
-9.506000	2.573477E-6
-9.500000	2.450892E-6
-9.494000	2.725748E-6
-9.488000	2.759509E-6
-9.482000	2.784887E-6
-9.476000	2.882211E-6
-9.470000	2.924469E-6
-9.464000	3.042864E-6
-9.458000	2.861023E-6
-9.452000	2.894900E-6
-9.446000	3.093621E-6
-9.440000	3.178255E-6
-9.434000	2.979417E-6
-9.428000	2.962537E-6
-9.422000	3.123190E-6
-9.416000	3.224704E-6
-9.410000	3.241701E-6
-9.404000	3.508059E-6
-9.398000	3.436231E-6
-9.392000	3.656140E-6
-9.386000	3.761845E-6
-9.380000	3.605383E-6
-9.374000	3.791414E-6
-9.368000	3.787223E-6
-9.362000	4.083151E-6
-9.356000	3.732159E-6
-9.350000	3.985944E-6
-9.344000	4.028203E-6
-9.338000	3.918307E-6
-9.332000	4.129717E-6
-9.326000	4.332745E-6
-9.320000	4.425761E-6
-9.314000	4.704809E-6
-9.308000	4.628790E-6
-9.302000	4.734495E-6
-9.296000	4.654168E-6
-9.290000	4.886650E-6
-9.284000	4.730187E-6
-9.278000	4.814821E-6
-9.272000	5.076989E-6
-9.266000	4.873960E-6
-9.260000	4.967093E-6
-9.254000	5.098176E-6
-9.248000	5.440670E-6
-9.242000	5.423790E-6
-9.236000	5.512615E-6
-9.230000	5.580252E-6
-9.224000	5.825539E-6
-9.218000	5.740905E-6
-9.212000	6.049639E-6
-9.206000	6.138464E-6
-9.200000	6.366870E-6
-9.194000	6.256858E-6
-9.188000	6.244169E-6
-9.182000	6.311806E-6
-9.176000	6.451388E-6
-9.170000	6.332994E-6
-9.164000	6.536022E-6
-9.158000	6.764312E-6
-9.152000	6.848946E-6
-9.146000	7.081544E-6
-9.140000	7.195631E-6
-9.134000	7.398659E-6
-9.128000	7.369090E-6
-9.122000	7.669325E-6
-9.116000	7.550931E-6
-9.109500	7.673516E-6
-9.103500	8.011819E-6
-9.097500	8.049887E-6
-9.091500	7.901923E-6
-9.085500	8.104951E-6
-9.079500	8.126022E-6
-9.073500	8.536270E-6
-9.067500	8.502393E-6
-9.061500	8.510891E-6
-9.055500	8.713803E-6
-9.049500	9.039533E-6
-9.043500	9.360840E-6
-9.037500	9.390526E-6
-9.031500	9.542680E-6
-9.025500	9.804964E-6
-9.019500	9.771087E-6
-9.013500	1.010520E-5
-9.007500	1.004594E-5
-9.001500	1.006713E-5
-8.995500	1.024047E-5
-8.989500	1.051964E-5
-8.983500	1.046038E-5
-8.977500	1.065491E-5
-8.971500	1.078600E-5
-8.965500	1.091289E-5
-8.959500	1.125538E-5
-8.953500	1.158111E-5
-8.947500	1.156412E-5
-8.941500	1.191092E-5
-8.935500	1.203350E-5
-8.929500	1.208857E-5
-8.923500	1.232536E-5
-8.917500	1.251139E-5
-8.911500	1.242687E-5
-8.905500	1.268485E-5
-8.899500	1.288357E-5
-8.893500	1.322187E-5
-8.887500	1.325994E-5
-8.881500	1.361093E-5
-8.875500	1.368707E-5
-8.869500	1.372932E-5
-8.863500	1.400849E-5
-8.857500	1.430442E-5
-8.851500	1.449056E-5
-8.845500	1.492188E-5
-8.839500	1.487113E-5
-8.833500	1.518836E-5
-8.827500	1.532363E-5
-8.821500	1.537020E-5
-8.815500	1.568731E-5
-8.809500	1.578883E-5
-8.803500	1.597917E-5
-8.797500	1.638511E-5
-8.791500	1.644425E-5
-8.785500	1.665577E-5
-8.779500	1.694751E-5
-8.773500	1.724355E-5
-8.767500	1.735776E-5
-8.761500	1.767918E-5
-8.755500	1.800049E-5
-8.749500	1.833460E-5
-8.743500	1.858838E-5
-8.737500	1.859257E-5
-8.731500	1.892238E-5
-8.725500	1.914660E-5
-8.719500	1.954404E-5
-8.713500	1.963717E-5
-8.707500	1.986965E-5
-8.701500	2.014881E-5
-8.695500	2.024183E-5
-8.689500	2.065627E-5
-8.683500	2.093113E-5
-8.677500	2.123567E-5
-8.671500	2.138794E-5
-8.665500	2.206024E-5
-8.659500	2.219982E-5
-8.653500	2.247049E-5
-8.647500	2.267770E-5
-8.641500	2.291880E-5
-8.635500	2.318935E-5
-8.629500	2.356153E-5
-8.623500	2.373068E-5
-8.617500	2.395478E-5
-8.611500	2.423394E-5
-8.605500	2.468226E-5
-8.599500	2.486410E-5
-8.593500	2.521079E-5
-8.587500	2.562953E-5
-8.581500	2.605235E-5
-8.575500	2.627645E-5
-8.569500	2.664013E-5
-8.563500	2.703769E-5
-8.557500	2.714340E-5
-8.551500	2.758321E-5
-8.545500	2.799765E-5
-8.539500	2.820068E-5
-8.533500	2.844597E-5
-8.527500	2.875889E-5
-8.521500	2.931280E-5
-8.515500	2.938893E-5
-8.509500	2.970616E-5
-8.503500	3.009092E-5
-8.497500	3.058580E-5
-8.491500	3.102131E-5
-8.485500	3.116089E-5
-8.479500	3.182061E-5
-8.473500	3.215473E-5
-8.467500	3.250572E-5
-8.461500	3.294554E-5
-8.455500	3.317383E-5
-8.449500	3.363902E-5
-8.443500	3.393926E-5
-8.437500	3.419723E-5
-8.431500	3.458210E-5
-8.425500	3.511494E-5
-8.419000	3.546174E-5
-8.413000	3.596919E-5
-8.407000	3.645127E-5
-8.401000	3.686990E-5
-8.395000	3.733090E-5
-8.389000	3.779598E-5
-8.383000	3.815128E-5
-8.377000	3.858260E-5
-8.371000	3.907317E-5
-8.365000	3.944535E-5
-8.359000	3.986398E-5
-8.353000	4.028261E-5
-8.347000	4.066748E-5
-8.341000	4.085351E-5
-8.335000	4.147936E-5
-8.329000	4.182616E-5
-8.323000	4.249008E-5
-8.317000	4.290452E-5
-8.311000	4.347542E-5
-8.305000	4.390685E-5
-8.299000	4.443538E-5
-8.293000	4.512467E-5
-8.287000	4.542503E-5
-8.281000	4.580559E-5
-8.275000	4.639768E-5
-8.269000	4.683749E-5
-8.263000	4.747603E-5
-8.257000	4.774670E-5
-8.251000	4.828791E-5
-8.245000	4.864740E-5
-8.239000	4.920980E-5
-8.233000	4.976802E-5
-8.227000	5.014869E-5
-8.221000	5.081680E-5
-8.215000	5.148503E-5
-8.209000	5.206012E-5
-8.203000	5.255069E-5
-8.197000	5.317654E-5
-8.191000	5.359098E-5
-8.185000	5.438179E-5
-8.179000	5.464396E-5
-8.173000	5.523604E-5
-8.167000	5.581963E-5
-8.161000	5.635666E-5
-8.155000	5.677540E-5
-8.149000	5.743082E-5
-8.143000	5.804398E-5
-8.137000	5.846273E-5
-8.131000	5.921116E-5
-8.125000	5.986670E-5
-8.119000	6.046297E-5
-8.113000	6.103388E-5
-8.107000	6.166403E-5
-8.101000	6.226450E-5
-8.095000	6.285228E-5
-8.089000	6.365578E-5
-8.083000	6.415904E-5
-8.077000	6.483146E-5
-8.071000	6.537267E-5
-8.065000	6.604090E-5
-8.059000	6.642146E-5
-8.053000	6.718689E-5
-8.047000	6.778748E-5
-8.041000	6.850634E-5
-8.035000	6.925059E-5
-8.029000	6.986805E-5
-8.023000	7.043895E-5
-8.017000	7.135666E-5
-8.011000	7.202476E-5
-8.005000	7.265911E-5
-7.999000	7.347530E-5
-7.993000	7.403351E-5
-7.987000	7.446483E-5
-7.981000	7.526414E-5
-7.975000	7.595343E-5
-7.969000	7.659197E-5
-7.963000	7.748848E-5
-7.957000	7.827510E-5
-7.951000	7.870642E-5
-7.945000	7.961993E-5
-7.939000	8.032192E-5
-7.933000	8.105778E-5
-7.927000	8.178933E-5
-7.921000	8.245325E-5
-7.915000	8.340902E-5
-7.909000	8.428015E-5
-7.903000	8.481718E-5
-7.897000	8.561648E-5
-7.891000	8.648343E-5
-7.885000	8.727005E-5
-7.879000	8.790428E-5
-7.873000	8.856831E-5
-7.867000	8.941826E-5
-7.861000	9.019219E-5
-7.855000	9.110558E-5
-7.849000	9.188370E-5
-7.843000	9.264494E-5
-7.837000	9.356684E-5
-7.831000	9.431539E-5
-7.825000	9.513577E-5
-7.819000	9.600690E-5
-7.813000	9.696686E-5
-7.807000	9.770691E-5
-7.801000	9.852310E-5
-7.795000	9.928853E-5
-7.789000	0.000100
-7.783000	0.000101
-7.777000	0.000102
-7.771000	0.000103
-7.765000	0.000104
-7.759000	0.000104
-7.752500	0.000105
-7.746500	0.000106
-7.740500	0.000107
-7.734500	0.000108
-7.728500	0.000109
-7.722500	0.000110
-7.716500	0.000111
-7.710500	0.000112
-7.704500	0.000113
-7.698500	0.000114
-7.692500	0.000114
-7.686500	0.000115
-7.680500	0.000116
-7.674500	0.000117
-7.668500	0.000118
-7.662500	0.000119
-7.656500	0.000120
-7.650500	0.000121
-7.644500	0.000122
-7.638500	0.000123
-7.632500	0.000124
-7.626500	0.000125
-7.620500	0.000126
-7.614500	0.000127
-7.608500	0.000128
-7.602500	0.000129
-7.596500	0.000130
-7.590500	0.000131
-7.584500	0.000132
-7.578500	0.000133
-7.572500	0.000134
-7.566500	0.000135
-7.560500	0.000136
-7.554500	0.000137
-7.548500	0.000138
-7.542500	0.000139
-7.536500	0.000140
-7.530500	0.000141
-7.524500	0.000142
-7.518500	0.000143
-7.512500	0.000144
-7.506500	0.000145
-7.500500	0.000146
-7.494500	0.000147
-7.488500	0.000148
-7.482500	0.000149
-7.476500	0.000150
-7.470500	0.000151
-7.464500	0.000152
-7.458500	0.000153
-7.452500	0.000155
-7.446500	0.000156
-7.440500	0.000157
-7.434500	0.000158
-7.428500	0.000159
-7.422500	0.000160
-7.416500	0.000161
-7.410500	0.000162
-7.404500	0.000163
-7.398500	0.000164
-7.392500	0.000164
-7.386500	0.000166
-7.380500	0.000167
-7.374500	0.000168
-7.368500	0.000169
-7.362500	0.000170
-7.356500	0.000171
-7.350500	0.000172
-7.344500	0.000173
-7.338500	0.000174
-7.332500	0.000174
-7.326500	0.000175
-7.320500	0.000176
-7.314500	0.000177
-7.308500	0.000178
-7.302500	0.000179
-7.296500	0.000180
-7.290500	0.000181
-7.284500	0.000182
-7.278500	0.000183
-7.272500	0.000183
-7.266500	0.000184
-7.260500	0.000185
-7.254500	0.000186
-7.248500	0.000187
-7.242500	0.000187
-7.236500	0.000188
-7.230500	0.000189
-7.224500	0.000190
-7.218500	0.000191
-7.212500	0.000191
-7.206500	0.000192
-7.200500	0.000193
-7.194500	0.000193
-7.188500	0.000194
-7.182500	0.000195
-7.176500	0.000196
-7.170500	0.000196
-7.164500	0.000197
-7.158500	0.000197
-7.152500	0.000198
-7.146500	0.000198
-7.140500	0.000199
-7.134500	0.000199
-7.128000	0.000200
-7.122000	0.000201
-7.116000	0.000201
-7.110000	0.000202
-7.104000	0.000202
-7.098000	0.000203
-7.092000	0.000203
-7.086000	0.000204
-7.080000	0.000204
-7.074000	0.000205
-7.068000	0.000205
-7.062000	0.000205
-7.056000	0.000206
-7.050000	0.000206
-7.044000	0.000206
-7.038000	0.000207
-7.032000	0.000207
-7.026000	0.000208
-7.020000	0.000208
-7.014000	0.000209
-7.008000	0.000209
-7.002000	0.000209
-6.996000	0.000210
-6.990000	0.000210
-6.984000	0.000211
-6.978000	0.000211
-6.972000	0.000211
-6.966000	0.000211
-6.960000	0.000212
-6.954000	0.000212
-6.948000	0.000212
-6.942000	0.000213
-6.936000	0.000213
-6.930000	0.000213
-6.924000	0.000214
-6.918000	0.000214
-6.912000	0.000215
-6.906000	0.000215
-6.900000	0.000215
-6.894000	0.000216
-6.888000	0.000216
-6.882000	0.000216
-6.876000	0.000217
-6.870000	0.000217
-6.864000	0.000217
-6.858000	0.000217
-6.852000	0.000217
-6.846000	0.000218
-6.840000	0.000218
-6.834000	0.000219
-6.828000	0.000219
-6.822000	0.000219
-6.816000	0.000220
-6.810000	0.000220
-6.804000	0.000220
-6.798000	0.000220
-6.792000	0.000221
-6.786000	0.000221
-6.780000	0.000221
-6.774000	0.000221
-6.768000	0.000222
-6.762000	0.000222
-6.756000	0.000222
-6.750000	0.000222
-6.744000	0.000223
-6.738000	0.000223
-6.732000	0.000223
-6.726000	0.000224
-6.720000	0.000224
-6.714000	0.000224
-6.708000	0.000225
-6.702000	0.000225
-6.696000	0.000225
-6.690000	0.000225
-6.684000	0.000225
-6.678000	0.000226
-6.672000	0.000226
-6.666000	0.000226
-6.660000	0.000226
-6.654000	0.000227
-6.648000	0.000227
-6.642000	0.000227
-6.636000	0.000228
-6.630000	0.000228
-6.624000	0.000228
-6.618000	0.000228
-6.612000	0.000229
-6.606000	0.000229
-6.600000	0.000229
-6.594000	0.000229
-6.588000	0.000229
-6.582000	0.000230
-6.576000	0.000230
-6.570000	0.000230
-6.564000	0.000230
-6.558000	0.000231
-6.552000	0.000231
-6.546000	0.000231
-6.540000	0.000231
-6.534000	0.000232
-6.528000	0.000232
-6.522000	0.000232
-6.516000	0.000232
-6.510000	0.000232
-6.503500	0.000233
-6.497500	0.000233
-6.491500	0.000233
-6.485500	0.000233
-6.479500	0.000233
-6.473500	0.000234
-6.467500	0.000234
-6.461500	0.000234
-6.455500	0.000234
-6.449500	0.000235
-6.443500	0.000235
-6.437500	0.000235
-6.431500	0.000235
-6.425500	0.000236
-6.419500	0.000236
-6.413500	0.000236
-6.407500	0.000236
-6.401500	0.000236
-6.395500	0.000236
-6.389500	0.000237
-6.383500	0.000237
-6.377500	0.000237
-6.371500	0.000237
-6.365500	0.000238
-6.359500	0.000238
-6.353500	0.000238
-6.347500	0.000238
-6.341500	0.000238
-6.335500	0.000238
-6.329500	0.000239
-6.323500	0.000239
-6.317500	0.000239
-6.311500	0.000239
-6.305500	0.000239
-6.299500	0.000239
-6.293500	0.000240
-6.287500	0.000240
-6.281500	0.000240
-6.275500	0.000240
-6.269500	0.000240
-6.263500	0.000241
-6.257500	0.000241
-6.251500	0.000241
-6.245500	0.000241
-6.239500	0.000241
-6.233500	0.000242
-6.227500	0.000242
-6.221500	0.000242
-6.215500	0.000242
-6.209500	0.000242
-6.203500	0.000242
-6.197500	0.000243
-6.191500	0.000243
-6.185500	0.000243
-6.179500	0.000243
-6.173500	0.000243
-6.167500	0.000244
-6.161500	0.000244
-6.155500	0.000244
-6.149500	0.000244
-6.143500	0.000244
-6.137500	0.000244
-6.131500	0.000244
-6.125500	0.000244
-6.119500	0.000245
-6.113500	0.000245
-6.107500	0.000245
-6.101500	0.000245
-6.095500	0.000245
-6.089500	0.000246
-6.083500	0.000246
-6.077500	0.000246
-6.071500	0.000246
-6.065500	0.000246
-6.059500	0.000246
-6.053500	0.000247
-6.047500	0.000247
-6.041500	0.000247
-6.035500	0.000247
-6.029500	0.000247
-6.023500	0.000247
-6.017500	0.000247
-6.011500	0.000247
-6.005500	0.000248
-5.999500	0.000248
-5.993500	0.000248
-5.987500	0.000248
-5.981500	0.000248
-5.975500	0.000249
-5.969500	0.000249
-5.963500	0.000249
-5.957500	0.000249
-5.951500	0.000249
-5.945500	0.000249
-5.939500	0.000249
-5.933500	0.000249
-5.927500	0.000250
-5.921500	0.000250
-5.915500	0.000250
-5.909500	0.000250
-5.903500	0.000250
-5.897500	0.000250
-5.891500	0.000251
-5.885500	0.000251
-5.879000	0.000251
-5.873000	0.000251
-5.867000	0.000251
-5.861000	0.000251
-5.855000	0.000251
-5.849000	0.000251
-5.843000	0.000251
-5.837000	0.000252
-5.831000	0.000252
-5.825000	0.000252
-5.819000	0.000252
-5.813000	0.000252
-5.807000	0.000252
-5.801000	0.000253
-5.795000	0.000253
-5.789000	0.000253
-5.783000	0.000253
-5.777000	0.000253
-5.771000	0.000253
-5.765000	0.000253
-5.759000	0.000253
-5.753000	0.000253
-5.747000	0.000254
-5.741000	0.000254
-5.735000	0.000254
-5.729000	0.000254
-5.723000	0.000254
-5.717000	0.000254
-5.711000	0.000254
-5.705000	0.000255
-5.699000	0.000255
-5.693000	0.000255
-5.687000	0.000255
-5.681000	0.000255
-5.675000	0.000255
-5.669000	0.000255
-5.663000	0.000255
-5.657000	0.000255
-5.651000	0.000255
-5.645000	0.000256
-5.639000	0.000256
-5.633000	0.000256
-5.627000	0.000256
-5.621000	0.000256
-5.615000	0.000256
-5.609000	0.000257
-5.603000	0.000257
-5.597000	0.000257
-5.591000	0.000257
-5.585000	0.000257
-5.579000	0.000257
-5.573000	0.000257
-5.567000	0.000257
-5.561000	0.000257
-5.555000	0.000257
-5.549000	0.000258
-5.543000	0.000258
-5.537000	0.000258
-5.531000	0.000258
-5.525000	0.000258
-5.519000	0.000258
-5.513000	0.000258
-5.507000	0.000258
-5.501000	0.000259
-5.495000	0.000259
-5.489000	0.000259
-5.483000	0.000259
-5.477000	0.000259
-5.471000	0.000259
-5.465000	0.000259
-5.459000	0.000259
-5.453000	0.000259
-5.447000	0.000259
-5.441000	0.000260
-5.435000	0.000260
-5.429000	0.000260
-5.423000	0.000260
-5.417000	0.000260
-5.411000	0.000260
-5.405000	0.000260
-5.399000	0.000260
-5.393000	0.000260
-5.387000	0.000260
-5.381000	0.000261
-5.375000	0.000260
-5.369000	0.000261
-5.363000	0.000261
-5.357000	0.000261
-5.351000	0.000261
-5.345000	0.000261
-5.339000	0.000261
-5.333000	0.000261
-5.327000	0.000262
-5.321000	0.000262
-5.315000	0.000262
-5.309000	0.000262
-5.303000	0.000262
-5.297000	0.000262
-5.291000	0.000262
-5.285000	0.000262
-5.279000	0.000262
-5.273000	0.000262
-5.267000	0.000262
-5.261000	0.000262
-5.254500	0.000263
-5.248500	0.000263
-5.242500	0.000263
-5.236500	0.000263
-5.230500	0.000263
-5.224500	0.000263
-5.218500	0.000263
-5.212500	0.000263
-5.206500	0.000263
-5.200500	0.000263
-5.194500	0.000264
-5.188500	0.000264
-5.182500	0.000264
-5.176500	0.000264
-5.170500	0.000264
-5.164500	0.000264
-5.158500	0.000264
-5.152500	0.000264
-5.146500	0.000264
-5.140500	0.000264
-5.134500	0.000265
-5.128500	0.000265
-5.122500	0.000265
-5.116500	0.000265
-5.110500	0.000265
-5.104500	0.000265
-5.098500	0.000265
-5.092500	0.000265
-5.086500	0.000265
-5.080500	0.000265
-5.074500	0.000265
-5.068500	0.000265
-5.062500	0.000266
-5.056500	0.000266
-5.050500	0.000266
-5.044500	0.000266
-5.038500	0.000266
-5.032500	0.000266
-5.026500	0.000266
-5.020500	0.000266
-5.014500	0.000266
-5.008500	0.000266
-5.002500	0.000266
-4.996500	0.000266
-4.990500	0.000266
-4.984500	0.000267
-4.978500	0.000267
-4.972500	0.000267
-4.966500	0.000267
-4.960500	0.000267
-4.954500	0.000267
-4.948500	0.000267
-4.942500	0.000267
-4.936500	0.000267
-4.930500	0.000267
-4.924500	0.000267
-4.918500	0.000267
-4.912500	0.000268
-4.906500	0.000268
-4.900500	0.000268
-4.894500	0.000268
-4.888500	0.000268
-4.882500	0.000268
-4.876500	0.000268
-4.870500	0.000268
-4.864500	0.000268
-4.858500	0.000268
-4.852500	0.000269
-4.846500	0.000269
-4.840500	0.000269
-4.834500	0.000269
-4.828500	0.000269
-4.822500	0.000269
-4.816500	0.000269
-4.810500	0.000269
-4.804500	0.000269
-4.798500	0.000269
-4.792500	0.000269
-4.786500	0.000269
-4.780500	0.000270
-4.774500	0.000269
-4.768500	0.000270
-4.762500	0.000270
-4.756500	0.000270
-4.750500	0.000270
-4.744500	0.000270
-4.738500	0.000270
-4.732500	0.000270
-4.726500	0.000270
-4.720500	0.000270
-4.714500	0.000270
-4.708500	0.000270
-4.702500	0.000270
-4.696500	0.000270
-4.690500	0.000270
-4.684500	0.000271
-4.678500	0.000271
-4.672500	0.000271
-4.666500	0.000271
-4.660500	0.000271
-4.654500	0.000271
-4.648500	0.000271
-4.642500	0.000271
-4.636500	0.000271
-4.630000	0.000271
-4.624000	0.000271
-4.618000	0.000271
-4.612000	0.000271
-4.606000	0.000271
-4.600000	0.000272
-4.594000	0.000272
-4.588000	0.000272
-4.582000	0.000272
-4.576000	0.000272
-4.570000	0.000272
-4.564000	0.000272
-4.558000	0.000272
-4.552000	0.000272
-4.546000	0.000272
-4.540000	0.000272
-4.534000	0.000272
-4.528000	0.000272
-4.522000	0.000272
-4.516000	0.000272
-4.510000	0.000273
-4.504000	0.000273
-4.498000	0.000273
-4.492000	0.000273
-4.486000	0.000273
-4.480000	0.000273
-4.474000	0.000273
-4.468000	0.000273
-4.462000	0.000273
-4.456000	0.000273
-4.450000	0.000273
-4.444000	0.000273
-4.438000	0.000273
-4.432000	0.000273
-4.426000	0.000273
-4.420000	0.000274
-4.414000	0.000274
-4.408000	0.000274
-4.402000	0.000274
-4.396000	0.000274
-4.390000	0.000274
-4.384000	0.000274
-4.378000	0.000274
-4.372000	0.000274
-4.366000	0.000274
-4.360000	0.000274
-4.354000	0.000274
-4.348000	0.000274
-4.342000	0.000274
-4.336000	0.000274
-4.330000	0.000274
-4.324000	0.000275
-4.318000	0.000275
-4.312000	0.000275
-4.306000	0.000275
-4.300000	0.000275
-4.294000	0.000275
-4.288000	0.000275
-4.282000	0.000275
-4.276000	0.000275
-4.270000	0.000275
-4.264000	0.000275
-4.258000	0.000275
-4.252000	0.000275
-4.246000	0.000275
-4.240000	0.000275
-4.234000	0.000275
-4.228000	0.000276
-4.222000	0.000276
-4.216000	0.000276
-4.210000	0.000276
-4.204000	0.000276
-4.198000	0.000276
-4.192000	0.000276
-4.186000	0.000276
-4.180000	0.000276
-4.174000	0.000276
-4.168000	0.000276
-4.162000	0.000276
-4.156000	0.000276
-4.150000	0.000276
-4.144000	0.000276
-4.138000	0.000276
-4.132000	0.000276
-4.126000	0.000277
-4.120000	0.000277
-4.114000	0.000277
-4.108000	0.000277
-4.102000	0.000277
-4.096000	0.000277
-4.090000	0.000277
-4.084000	0.000277
-4.078000	0.000277
-4.072000	0.000277
-4.066000	0.000277
-4.060000	0.000277
-4.054000	0.000277
-4.048000	0.000277
-4.042000	0.000277
-4.036000	0.000277
-4.030000	0.000277
-4.024000	0.000277
-4.018000	0.000278
-4.012000	0.000278
-4.005500	0.000278
-3.999500	0.000278
-3.993500	0.000278
-3.987500	0.000278
-3.981500	0.000278
-3.975500	0.000278
-3.969500	0.000278
-3.963500	0.000278
-3.957500	0.000278
-3.951500	0.000278
-3.945500	0.000278
-3.939500	0.000278
-3.933500	0.000278
-3.927500	0.000278
-3.921500	0.000278
-3.915500	0.000278
-3.909500	0.000278
-3.903500	0.000278
-3.897500	0.000279
-3.891500	0.000278
-3.885500	0.000278
-3.879500	0.000279
-3.873500	0.000278
-3.867500	0.000279
-3.861500	0.000279
-3.855500	0.000279
-3.849500	0.000279
-3.843500	0.000279
-3.837500	0.000279
-3.831500	0.000279
-3.825500	0.000279
-3.819500	0.000279
-3.813500	0.000279
-3.807500	0.000279
-3.801500	0.000279
-3.795500	0.000279
-3.789500	0.000279
-3.783500	0.000279
-3.777500	0.000279
-3.771500	0.000279
-3.765500	0.000280
-3.759500	0.000280
-3.753500	0.000280
-3.747500	0.000280
-3.741500	0.000280
-3.735500	0.000280
-3.729500	0.000280
-3.723500	0.000280
-3.717500	0.000280
-3.711500	0.000280
-3.705500	0.000280
-3.699500	0.000280
-3.693500	0.000280
-3.687500	0.000280
-3.681500	0.000280
-3.675500	0.000280
-3.669500	0.000280
-3.663500	0.000280
-3.657500	0.000280
-3.651500	0.000280
-3.645500	0.000281
-3.639500	0.000280
-3.633500	0.000281
-3.627500	0.000281
-3.621500	0.000281
-3.615500	0.000281
-3.609500	0.000281
-3.603500	0.000281
-3.597500	0.000281
-3.591500	0.000281
-3.585500	0.000281
-3.579500	0.000281
-3.573500	0.000281
-3.567500	0.000281
-3.561500	0.000281
-3.555500	0.000281
-3.549500	0.000281
-3.543500	0.000281
-3.537500	0.000281
-3.531500	0.000281
-3.525500	0.000281
-3.519500	0.000281
-3.513500	0.000281
-3.507500	0.000281
-3.501500	0.000281
-3.495500	0.000281
-3.489500	0.000282
-3.483500	0.000282
-3.477500	0.000282
-3.471500	0.000282
-3.465500	0.000282
-3.459500	0.000282
-3.453500	0.000282
-3.447500	0.000282
-3.441500	0.000282
-3.435500	0.000282
-3.429500	0.000282
-3.423500	0.000282
-3.417500	0.000282
-3.411500	0.000282
-3.405500	0.000282
-3.399500	0.000282
-3.393500	0.000282
-3.387500	0.000282
-3.381000	0.000282
-3.375000	0.000282
-3.369000	0.000282
-3.363000	0.000283
-3.357000	0.000282
-3.351000	0.000282
-3.345000	0.000282
-3.339000	0.000282
-3.333000	0.000282
-3.327000	0.000282
-3.321000	0.000283
-3.315000	0.000283
-3.309000	0.000283
-3.303000	0.000283
-3.297000	0.000283
-3.291000	0.000283
-3.285000	0.000283
-3.279000	0.000283
-3.273000	0.000283
-3.267000	0.000283
-3.261000	0.000283
-3.255000	0.000283
-3.249000	0.000283
-3.243000	0.000283
-3.237000	0.000283
-3.231000	0.000283
-3.225000	0.000283
-3.219000	0.000283
-3.213000	0.000283
-3.207000	0.000283
-3.201000	0.000283
-3.195000	0.000283
-3.189000	0.000284
-3.183000	0.000283
-3.177000	0.000284
-3.171000	0.000284
-3.165000	0.000284
-3.159000	0.000284
-3.153000	0.000284
-3.147000	0.000283
-3.141000	0.000284
-3.135000	0.000284
-3.129000	0.000284
-3.123000	0.000284
-3.117000	0.000284
-3.111000	0.000284
-3.105000	0.000284
-3.099000	0.000284
-3.093000	0.000284
-3.087000	0.000284
-3.081000	0.000284
-3.075000	0.000284
-3.069000	0.000284
-3.063000	0.000284
-3.057000	0.000284
-3.051000	0.000284
-3.045000	0.000284
-3.039000	0.000284
-3.033000	0.000284
-3.027000	0.000284
-3.021000	0.000284
-3.015000	0.000284
-3.009000	0.000285
-3.003000	0.000285
-2.997000	0.000285
-2.991000	0.000285
-2.985000	0.000285
-2.979000	0.000285
-2.973000	0.000285
-2.967000	0.000285
-2.961000	0.000285
-2.955000	0.000285
-2.949000	0.000285
-2.943000	0.000285
-2.937000	0.000285
-2.931000	0.000285
-2.925000	0.000285
-2.919000	0.000285
-2.913000	0.000285
-2.907000	0.000285
-2.901000	0.000285
-2.895000	0.000285
-2.889000	0.000285
-2.883000	0.000285
-2.877000	0.000285
-2.871000	0.000285
-2.865000	0.000285
-2.859000	0.000285
-2.853000	0.000285
-2.847000	0.000285
-2.841000	0.000285
-2.835000	0.000285
-2.829000	0.000285
-2.823000	0.000285
-2.817000	0.000286
-2.811000	0.000286
-2.805000	0.000286
-2.799000	0.000286
-2.793000	0.000286
-2.787000	0.000286
-2.781000	0.000286
-2.775000	0.000286
-2.769000	0.000285
-2.763000	0.000286
-2.756500	0.000286
-2.750500	0.000286
-2.744500	0.000286
-2.738500	0.000286
-2.732500	0.000286
-2.726500	0.000286
-2.720500	0.000286
-2.714500	0.000286
-2.708500	0.000286
-2.702500	0.000286
-2.696500	0.000286
-2.690500	0.000286
-2.684500	0.000286
-2.678500	0.000286
-2.672500	0.000286
-2.666500	0.000286
-2.660500	0.000286
-2.654500	0.000286
-2.648500	0.000286
-2.642500	0.000286
-2.636500	0.000286
-2.630500	0.000286
-2.624500	0.000286
-2.618500	0.000286
-2.612500	0.000286
-2.606500	0.000286
-2.600500	0.000286
-2.594500	0.000286
-2.588500	0.000286
-2.582500	0.000286
-2.576500	0.000287
-2.570500	0.000286
-2.564500	0.000287
-2.558500	0.000287
-2.552500	0.000287
-2.546500	0.000287
-2.540500	0.000287
-2.534500	0.000287
-2.528500	0.000287
-2.522500	0.000287
-2.516500	0.000287
-2.510500	0.000287
-2.504500	0.000287
-2.498500	0.000287
-2.492500	0.000287
-2.486500	0.000287
-2.480500	0.000287
-2.474500	0.000287
-2.468500	0.000287
-2.462500	0.000287
-2.456500	0.000287
-2.450500	0.000287
-2.444500	0.000287
-2.438500	0.000287
-2.432500	0.000287
-2.426500	0.000287
-2.420500	0.000287
-2.414500	0.000287
-2.408500	0.000287
-2.402500	0.000287
-2.396500	0.000287
-2.390500	0.000287
-2.384500	0.000287
-2.378500	0.000287
-2.372500	0.000287
-2.366500	0.000287
-2.360500	0.000288
-2.354500	0.000288
-2.348500	0.000288
-2.342500	0.000288
-2.336500	0.000288
-2.330500	0.000288
-2.324500	0.000288
-2.318500	0.000288
-2.312500	0.000288
-2.306500	0.000288
-2.300500	0.000288
-2.294500	0.000288
-2.288500	0.000288
-2.282500	0.000288
-2.276500	0.000288
-2.270500	0.000288
-2.264500	0.000288
-2.258500	0.000288
-2.252500	0.000288
-2.246500	0.000288
-2.240500	0.000288
-2.234500	0.000288
-2.228500	0.000288
-2.222500	0.000288
-2.216500	0.000288
-2.210500	0.000288
-2.204500	0.000288
-2.198500	0.000288
-2.192500	0.000288
-2.186500	0.000288
-2.180500	0.000288
-2.174500	0.000288
-2.168500	0.000288
-2.162500	0.000288
-2.156500	0.000288
-2.150500	0.000288
-2.144500	0.000288
-2.138500	0.000288
-2.132000	0.000288
-2.126000	0.000288
-2.120000	0.000288
-2.114000	0.000288
-2.108000	0.000288
-2.102000	0.000288
-2.096000	0.000288
-2.090000	0.000288
-2.084000	0.000289
-2.078000	0.000289
-2.072000	0.000289
-2.066000	0.000289
-2.060000	0.000289
-2.054000	0.000289
-2.048000	0.000289
-2.042000	0.000289
-2.036000	0.000289
-2.030000	0.000289
-2.024000	0.000289
-2.018000	0.000289
-2.012000	0.000289
-2.006000	0.000289
-2.000000	0.000289
-1.994000	0.000289
-1.988000	0.000289
-1.982000	0.000289
-1.976000	0.000289
-1.970000	0.000289
-1.964000	0.000289
-1.958000	0.000289
-1.952000	0.000289
-1.946000	0.000289
-1.940000	0.000289
-1.934000	0.000289
-1.928000	0.000289
-1.922000	0.000289
-1.916000	0.000289
-1.910000	0.000289
-1.904000	0.000289
-1.898000	0.000289
-1.892000	0.000289
-1.886000	0.000289
-1.880000	0.000289
-1.874000	0.000289
-1.868000	0.000289
-1.862000	0.000289
-1.856000	0.000289
-1.850000	0.000289
-1.844000	0.000289
-1.838000	0.000289
-1.832000	0.000289
-1.826000	0.000289
-1.820000	0.000289
-1.814000	0.000289
-1.808000	0.000289
-1.802000	0.000290
-1.796000	0.000289
-1.790000	0.000290
-1.784000	0.000290
-1.778000	0.000290
-1.772000	0.000290
-1.766000	0.000290
-1.760000	0.000290
-1.754000	0.000289
-1.748000	0.000289
-1.742000	0.000290
-1.736000	0.000290
-1.730000	0.000290
-1.724000	0.000290
-1.718000	0.000290
-1.712000	0.000290
-1.706000	0.000290
-1.700000	0.000290
-1.694000	0.000290
-1.688000	0.000290
-1.682000	0.000290
-1.676000	0.000290
-1.670000	0.000290
-1.664000	0.000290
-1.658000	0.000290
-1.652000	0.000290
-1.646000	0.000290
-1.640000	0.000290
-1.634000	0.000290
-1.628000	0.000290
-1.622000	0.000290
-1.616000	0.000290
-1.610000	0.000290
-1.604000	0.000290
-1.598000	0.000290
-1.592000	0.000290
-1.586000	0.000290
-1.580000	0.000290
-1.574000	0.000290
-1.568000	0.000290
-1.562000	0.000290
-1.556000	0.000290
-1.550000	0.000290
-1.544000	0.000290
-1.538000	0.000290
-1.532000	0.000290
-1.526000	0.000290
-1.520000	0.000290
-1.514000	0.000290
-1.507500	0.000290
-1.501500	0.000290
-1.495500	0.000290
-1.489500	0.000290
-1.483500	0.000290
-1.477500	0.000290
-1.471500	0.000290
-1.465500	0.000290
-1.459500	0.000290
-1.453500	0.000290
-1.447500	0.000290
-1.441500	0.000291
-1.435500	0.000291
-1.429500	0.000290
-1.423500	0.000291
-1.417500	0.000291
-1.411500	0.000291
-1.405500	0.000291
-1.399500	0.000291
-1.393500	0.000291
-1.387500	0.000291
-1.381500	0.000290
-1.375500	0.000291
-1.369500	0.000291
-1.363500	0.000291
-1.357500	0.000290
-1.351500	0.000291
-1.345500	0.000291
-1.339500	0.000291
-1.333500	0.000291
-1.327500	0.000291
-1.321500	0.000291
-1.315500	0.000291
-1.309500	0.000291
-1.303500	0.000291
-1.297500	0.000291
-1.291500	0.000291
-1.285500	0.000291
-1.279500	0.000291
-1.273500	0.000291
-1.267500	0.000291
-1.261500	0.000291
-1.255500	0.000291
-1.249500	0.000291
-1.243500	0.000291
-1.237500	0.000291
-1.231500	0.000291
-1.225500	0.000291
-1.219500	0.000291
-1.213500	0.000291
-1.207500	0.000291
-1.201500	0.000291
-1.195500	0.000291
-1.189500	0.000291
-1.183500	0.000291
-1.177500	0.000291
-1.171500	0.000291
-1.165500	0.000291
-1.159500	0.000291
-1.153500	0.000291
-1.147500	0.000291
-1.141500	0.000291
-1.135500	0.000291
-1.129500	0.000291
-1.123500	0.000291
-1.117500	0.000291
-1.111500	0.000291
-1.105500	0.000291
-1.099500	0.000291
-1.093500	0.000291
-1.087500	0.000291
-1.081500	0.000291
-1.075500	0.000291
-1.069500	0.000291
-1.063500	0.000291
-1.057500	0.000291
-1.051500	0.000291
-1.045500	0.000292
-1.039500	0.000292
-1.033500	0.000291
-1.027500	0.000292
-1.021500	0.000291
-1.015500	0.000291
-1.009500	0.000291
-1.003500	0.000291
-0.997500	0.000291
-0.991500	0.000291
-0.985500	0.000291
-0.979500	0.000292
-0.973500	0.000292
-0.967500	0.000292
-0.961500	0.000292
-0.955500	0.000292
-0.949500	0.000292
-0.943500	0.000292
-0.937500	0.000292
-0.931500	0.000292
-0.925500	0.000292
-0.919500	0.000292
-0.913500	0.000292
-0.907500	0.000292
-0.901500	0.000292
-0.895500	0.000292
-0.889500	0.000292
-0.883000	0.000292
-0.877000	0.000292
-0.871000	0.000292
-0.865000	0.000292
-0.859000	0.000292
-0.853000	0.000292
-0.847000	0.000292
-0.841000	0.000292
-0.835000	0.000292
-0.829000	0.000292
-0.823000	0.000292
-0.817000	0.000292
-0.811000	0.000292
-0.805000	0.000292
-0.799000	0.000292
-0.793000	0.000292
-0.787000	0.000292
-0.781000	0.000292
-0.775000	0.000292
-0.769000	0.000292
-0.763000	0.000292
-0.757000	0.000292
-0.751000	0.000292
-0.745000	0.000292
-0.739000	0.000292
-0.733000	0.000292
-0.727000	0.000292
-0.721000	0.000292
-0.715000	0.000292
-0.709000	0.000292
-0.703000	0.000292
-0.697000	0.000292
-0.691000	0.000292
-0.685000	0.000292
-0.679000	0.000292
-0.673000	0.000292
-0.667000	0.000292
-0.661000	0.000292
-0.655000	0.000292
-0.649000	0.000292
-0.643000	0.000292
-0.637000	0.000292
-0.631000	0.000292
-0.625000	0.000292
-0.619000	0.000292
-0.613000	0.000292
-0.607000	0.000292
-0.601000	0.000292
-0.595000	0.000292
-0.589000	0.000292
-0.583000	0.000292
-0.577000	0.000292
-0.571000	0.000292
-0.565000	0.000292
-0.559000	0.000292
-0.553000	0.000292
-0.547000	0.000292
-0.541000	0.000292
-0.535000	0.000292
-0.529000	0.000292
-0.523000	0.000292
-0.517000	0.000292
-0.511000	0.000292
-0.505000	0.000293
-0.499000	0.000293
-0.493000	0.000293
-0.487000	0.000293
-0.481000	0.000293
-0.475000	0.000292
-0.469000	0.000292
-0.463000	0.000292
-0.457000	0.000292
-0.451000	0.000293
-0.445000	0.000292
-0.439000	0.000292
-0.433000	0.000292
-0.427000	0.000292
-0.421000	0.000293
-0.415000	0.000293
-0.409000	0.000293
-0.403000	0.000293
-0.397000	0.000293
-0.391000	0.000293
-0.385000	0.000293
-0.379000	0.000293
-0.373000	0.000292
-0.367000	0.000293
-0.361000	0.000293
-0.355000	0.000293
-0.349000	0.000293
-0.343000	0.000293
-0.337000	0.000293
-0.331000	0.000293
-0.325000	0.000293
-0.319000	0.000293
-0.313000	0.000293
-0.307000	0.000293
-0.301000	0.000293
-0.295000	0.000293
-0.289000	0.000293
-0.283000	0.000293
-0.277000	0.000293
-0.271000	0.000293
-0.265000	0.000293
-0.258500	0.000293
-0.252500	0.000293
-0.246500	0.000293
-0.240500	0.000293
-0.234500	0.000293
-0.228500	0.000293
-0.222500	0.000293
-0.216500	0.000293
-0.210500	0.000293
-0.204500	0.000293
-0.198500	0.000293
-0.192500	0.000293
-0.186500	0.000293
-0.180500	0.000293
-0.174500	0.000293
-0.168500	0.000293
-0.162500	0.000293
-0.156500	0.000293
-0.150500	0.000293
-0.144500	0.000293
-0.138500	0.000293
-0.132500	0.000293
-0.126500	0.000293
-0.120500	0.000293
-0.114500	0.000293
-0.108500	0.000293
-0.102500	0.000293
-0.096500	0.000293
-0.090500	0.000293
-0.084500	0.000293
-0.078500	0.000293
-0.072500	0.000293
-0.066500	0.000293
-0.060500	0.000293
-0.054500	0.000293
-0.048500	0.000293
-0.042500	0.000293
-0.036500	0.000293
-0.030500	0.000293
-0.024500	0.000293
-0.018500	0.000293
-0.012500	0.000293
-0.006500	0.000293
-0.000500	0.000293
