0.000000	0.078705
0.000977	-0.023315
0.001953	0.151245
0.002930	0.062958
0.003906	0.163391
0.004883	-0.031799
0.005859	0.052399
0.006836	0.099731
0.007812	-0.029907
0.008789	-0.082672
0.009766	0.000671
0.010742	-0.047333
0.011719	-0.014221
0.012695	-0.046753
0.013672	0.069611
0.014648	0.142975
0.015625	-0.107239
0.016602	0.074860
0.017578	-0.030914
0.018555	-0.158722
0.019531	-0.083466
0.020508	0.159393
0.021484	-0.116364
0.022461	-0.061401
0.023437	-0.143524
0.024414	0.022858
0.025391	-0.028259
0.026367	0.017426
0.027344	-0.031036
0.028320	-0.107391
0.029297	0.014862
0.030273	0.074554
0.031250	0.273865
0.032227	0.025879
0.033203	0.007874
0.034180	0.029205
0.035156	-0.286163
0.036133	-0.009247
0.037109	-0.043304
0.038086	0.108093
0.039062	-0.131073
0.040039	-0.136322
0.041016	0.208984
0.041992	0.194519
0.042969	-0.036224
0.043945	-0.078430
0.044922	-0.008118
0.045898	-0.373138
0.046875	-0.069916
0.047852	0.097137
0.048828	-0.061615
0.049805	0.001160
0.050781	0.035400
0.051758	-0.140381
0.052734	0.021912
0.053711	-0.121490
0.054687	0.015350
0.055664	0.110321
0.056641	-0.168274
0.057617	0.035828
0.058594	0.016876
0.059570	0.049652
0.060547	0.038910
0.061523	-0.135468
0.062500	-0.071442
0.063477	0.041321
0.064453	-0.005219
0.065430	-0.008881
0.066406	0.031250
0.067383	0.022675
0.068359	0.101685
0.069336	-0.069092
0.070312	0.134430
0.071289	-0.058136
0.072266	0.057983
0.073242	-0.039734
0.074219	0.151184
0.075195	0.019836
0.076172	-0.022430
0.077148	-0.115631
0.078125	-0.043549
0.079102	0.257324
0.080078	0.101501
0.081055	-0.132690
0.082031	0.111237
0.083008	-0.053802
0.083984	0.028107
0.084961	-0.049438
0.085937	0.013641
0.086914	0.084930
0.087891	-0.024109
0.088867	0.004578
0.089844	-0.020233
0.090820	-0.151764
0.091797	0.146149
0.092773	0.042297
0.093750	-0.056335
0.094727	0.008911
0.095703	0.014801
0.096680	0.121460
0.097656	0.086029
0.098633	0.164246
0.099609	-0.035889
0.100586	-0.007019
0.101562	-0.011383
0.102539	0.057098
0.103516	0.039185
0.104492	-0.077454
0.105469	-0.079620
0.106445	0.005585
0.107422	-0.031158
0.108398	0.171722
0.109375	0.174957
0.110352	-0.046722
0.111328	0.042816
0.112305	-0.151276
0.113281	0.112610
0.114258	0.087372
0.115234	0.000244
0.116211	0.046387
0.117187	0.002625
0.118164	-0.180786
0.119141	0.012543
0.120117	-0.035309
0.121094	0.136139
0.122070	-0.036621
0.123047	-0.094238
0.124023	-0.011475
0.125000	0.079956
0.125977	-0.009979
0.126953	-0.059998
0.127930	-0.002197
0.128906	-0.013977
0.129883	-0.003235
0.130859	0.131012
0.131836	0.121704
0.132812	0.040558
0.133789	0.079437
0.134766	-0.208466
0.135742	-0.026306
0.136719	-0.094971
0.137695	-0.106598
0.138672	-0.022949
0.139648	-0.117004
0.140625	0.000519
0.141602	0.156616
0.142578	-0.054535
0.143555	0.100433
0.144531	0.059448
0.145508	-0.057953
0.146484	-0.070679
0.147461	-0.009613
0.148437	-0.011261
0.149414	0.065948
0.150391	-0.170380
0.151367	-0.147064
0.152344	-0.135742
0.153320	0.007324
0.154297	-0.015839
0.155273	0.054749
0.156250	-0.092194
0.157227	0.031036
0.158203	-0.108429
0.159180	-0.114746
0.160156	-0.021790
0.161133	0.007874
0.162109	0.097504
0.163086	-0.051788
0.164062	-0.031677
0.165039	0.039368
0.166016	0.009827
0.166992	-0.174652
0.167969	0.057007
0.168945	0.081329
0.169922	0.038666
0.170898	0.065979
0.171875	0.101776
0.172852	-0.059753
0.173828	-0.010468
0.174805	-0.074615
0.175781	-0.056946
0.176758	-0.077881
0.177734	-0.110992
0.178711	0.018250
0.179687	0.089600
0.180664	0.067902
0.181641	-0.014252
0.182617	0.004486
0.183594	-0.100952
0.184570	0.098358
0.185547	-0.002167
0.186523	9.155273E-5
0.187500	0.008179
0.188477	0.046906
0.189453	-0.040680
0.190430	-0.028259
0.191406	0.104523
0.192383	0.076996
0.193359	-0.101624
0.194336	0.177917
0.195312	0.226685
0.196289	0.025879
0.197266	0.109772
0.198242	-0.236084
0.199219	-0.041107
0.200195	0.010864
0.201172	0.197418
0.202148	0.058258
0.203125	-0.102325
0.204102	-0.212128
0.205078	0.026154
0.206055	0.130310
0.207031	-0.063721
0.208008	0.072449
0.208984	-0.044708
0.209961	0.046661
0.210937	-0.074402
0.211914	-0.009338
0.212891	0.082947
0.213867	0.064117
0.214844	-0.011780
0.215820	0.048431
0.216797	0.050507
0.217773	0.099182
0.218750	0.016144
0.219727	0.020752
0.220703	0.042328
0.221680	-0.037323
0.222656	0.082886
0.223633	-0.004486
0.224609	0.146027
0.225586	0.026886
0.226562	-0.009460
0.227539	0.018341
0.228516	-0.202881
0.229492	-0.141571
0.230469	0.015625
0.231445	-0.036438
0.232422	-0.031982
0.233398	-0.013519
0.234375	-0.100647
0.235352	0.269806
0.236328	0.119904
0.237305	-0.024475
0.238281	-0.047760
0.239258	0.000641
0.240234	-0.074982
0.241211	-0.018951
0.242187	0.134552
0.243164	-0.006409
0.244141	0.075653
0.245117	-0.103027
0.246094	-0.044220
0.247070	-0.014954
0.248047	0.111084
0.249023	-0.069153
0.250000	0.102051
0.250977	-0.030853
0.251953	-0.025543
0.252930	-0.064789
0.253906	-0.010315
0.254883	-0.190399
0.255859	-0.003143
0.256836	-0.011414
0.257812	-0.114777
0.258789	-0.117187
0.259766	0.074707
0.260742	-0.026581
0.261719	0.025360
0.262695	-0.048889
0.263672	0.021667
0.264648	0.190369
0.265625	0.090454
0.266602	0.064240
0.267578	0.026581
0.268555	0.241760
0.269531	0.033295
0.270508	0.034271
0.271484	-0.013733
0.272461	0.074280
0.273437	0.011810
0.274414	-0.035797
0.275391	-0.098083
0.276367	-0.020660
0.277344	-0.079620
0.278320	-0.015076
0.279297	-0.038818
0.280273	0.156769
0.281250	-0.072388
0.282227	0.075287
0.283203	-0.017548
0.284180	0.016876
0.285156	0.022766
0.286133	0.062073
0.287109	-0.008606
0.288086	0.014221
0.289062	-0.077667
0.290039	0.001526
0.291016	0.070770
0.291992	0.075012
0.292969	0.072906
0.293945	-0.242859
0.294922	-0.006104
0.295898	0.061249
0.296875	-0.093292
0.297852	-0.095551
0.298828	0.034821
0.299805	0.143768
0.300781	-0.021301
0.301758	0.283356
0.302734	0.104584
0.303711	-0.062439
0.304687	-0.104431
0.305664	0.001984
0.306641	0.000336
0.307617	0.054596
0.308594	-0.060669
0.309570	0.006531
0.310547	-0.115601
0.311523	0.058624
0.312500	-0.037811
0.313477	0.049011
0.314453	0.113281
0.315430	-0.119019
0.316406	0.072235
0.317383	-0.023163
0.318359	0.179108
0.319336	-0.033081
0.320312	-0.129059
0.321289	0.077240
0.322266	0.108551
0.323242	-0.221466
0.324219	0.060913
0.325195	-0.057648
0.326172	0.246429
0.327148	-0.073547
0.328125	0.049072
0.329102	0.102875
0.330078	0.131104
0.331055	0.097382
0.332031	0.040039
0.333008	-0.127991
0.333984	-0.011749
0.334961	0.013977
0.335937	-0.007019
0.336914	-0.001221
0.337891	-0.153259
0.338867	-0.214020
0.339844	-0.130798
0.340820	-0.031250
0.341797	-0.124481
0.342773	-0.143951
0.343750	0.006989
0.344727	-0.048798
0.345703	0.095795
0.346680	-0.020569
0.347656	-0.015778
0.348633	-0.102325
0.349609	0.087463
0.350586	-0.003326
0.351562	0.040192
0.352539	-0.109070
0.353516	-0.115479
0.354492	0.114319
0.355469	0.076782
0.356445	-0.053070
0.357422	0.052185
0.358398	-0.110840
0.359375	0.063843
0.360352	-0.069031
0.361328	0.067963
0.362305	0.112762
0.363281	0.012207
0.364258	-0.054016
0.365234	0.011414
0.366211	0.109467
0.367187	0.033478
0.368164	0.100922
0.369141	0.059479
0.370117	-0.000183
0.371094	0.070496
0.372070	-0.037415
0.373047	0.164093
0.374023	0.021698
0.375000	-0.026398
0.375977	0.112579
0.376953	-0.082367
0.377930	0.080048
0.378906	0.129944
0.379883	0.059540
0.380859	-0.069458
0.381836	-0.048950
0.382812	-0.015137
0.383789	-0.081482
0.384766	0.129608
0.385742	-0.148407
0.386719	-0.020264
0.387695	-0.044037
0.388672	0.047791
0.389648	0.133545
0.390625	0.086151
0.391602	0.127991
0.392578	0.005890
0.393555	0.007599
0.394531	0.041077
0.395508	-0.012390
0.396484	-0.088989
0.397461	-0.254150
0.398437	0.069550
0.399414	-0.043091
0.400391	0.147980
0.401367	-0.050079
0.402344	0.021912
0.403320	0.107758
0.404297	0.215302
0.405273	0.105042
0.406250	-0.058044
0.407227	-0.161865
0.408203	-0.084656
0.409180	0.052155
0.410156	-0.075958
0.411133	0.070038
0.412109	0.028839
0.413086	-0.048187
0.414062	-0.033600
0.415039	-0.032318
0.416016	0.040070
0.416992	-0.106384
0.417969	0.053497
0.418945	0.071411
0.419922	-0.133667
0.420898	-0.150757
0.421875	-0.064606
0.422852	0.040222
0.423828	0.155060
0.424805	-0.067688
0.425781	0.017883
0.426758	0.112152
0.427734	-0.078033
0.428711	0.102203
0.429687	-0.015533
0.430664	0.051025
0.431641	-0.120728
0.432617	-0.223328
0.433594	-0.162445
0.434570	-0.032562
0.435547	-0.032867
0.436523	-0.115601
0.437500	0.048706
0.438477	0.241394
0.439453	0.006805
0.440430	0.260864
0.441406	0.014893
0.442383	0.064026
0.443359	0.050964
0.444336	0.008789
0.445312	0.168732
0.446289	-0.104095
0.447266	0.024780
0.448242	0.023041
0.449219	0.053955
0.450195	-0.182129
0.451172	0.057587
0.452148	-0.036072
0.453125	-0.232574
0.454102	0.128906
0.455078	-0.031189
0.456055	-0.080566
0.457031	-0.058105
0.458008	-0.031311
0.458984	0.138733
0.459961	-0.044373
0.460937	-0.063812
0.461914	0.053925
0.462891	0.080139
0.463867	-0.163513
0.464844	0.010803
0.465820	-0.233887
0.466797	0.012024
0.467773	-0.070282
0.468750	-0.065033
0.469727	0.110016
0.470703	0.034821
0.471680	0.086670
0.472656	0.000519
0.473633	-0.032471
0.474609	0.146149
0.475586	0.189545
0.476562	0.141968
0.477539	-0.107056
0.478516	0.109924
0.479492	0.009796
0.480469	-0.005951
0.481445	-0.136475
0.482422	-0.020477
0.483398	0.041626
0.484375	0.037567
0.485352	-0.016785
0.486328	-0.156891
0.487305	-0.099426
0.488281	0.009705
0.489258	-0.069489
0.490234	0.115936
0.491211	-0.058655
0.492187	-0.058807
0.493164	0.129669
0.494141	-0.082153
0.495117	0.013092
0.496094	-0.009338
0.497070	-0.165497
0.498047	-0.040802
0.499023	0.010864
0.500000	-0.122437
0.500977	0.088409
0.501953	0.102661
0.502930	-0.052368
0.503906	0.110199
0.504883	-0.057495
0.505859	0.086456
0.506836	0.006317
0.507812	-0.117065
0.508789	0.013092
0.509766	0.054718
0.510742	0.019348
0.511719	0.186920
0.512695	0.025146
0.513672	0.043488
0.514648	0.032898
0.515625	-0.024536
0.516602	-0.107391
0.517578	-0.080963
0.518555	-0.080566
0.519531	-0.048248
0.520508	0.025940
0.521484	-0.004303
0.522461	0.014252
0.523437	-0.052063
0.524414	0.072876
0.525391	-0.191925
0.526367	-0.034790
0.527344	0.145233
0.528320	0.061310
0.529297	-0.018463
0.530273	-0.023621
0.531250	-0.165619
0.532227	-0.031067
0.533203	0.093048
0.534180	0.060364
0.535156	-0.208984
0.536133	-0.093201
0.537109	0.114380
0.538086	0.121368
0.539062	-0.053619
0.540039	0.182770
0.541016	0.038422
0.541992	0.049683
0.542969	0.133545
0.543945	0.243652
0.544922	-0.128418
0.545898	0.155487
0.546875	0.097534
0.547852	-0.183716
0.548828	-0.025421
0.549805	-0.034332
0.550781	-0.023041
0.551758	-0.140320
0.552734	-0.003876
0.553711	-0.021973
0.554687	-0.077423
0.555664	0.020264
0.556641	-0.013062
0.557617	-0.255096
0.558594	-0.118500
0.559570	-0.018402
0.560547	0.038788
0.561523	-0.101776
0.562500	-0.065887
0.563477	0.095490
0.564453	0.267395
0.565430	-0.123230
0.566406	0.000183
0.567383	0.189056
0.568359	0.028320
0.569336	0.020081
0.570312	-0.000671
0.571289	-0.010468
0.572266	-0.018616
0.573242	0.078857
0.574219	-0.015320
0.575195	-0.026459
0.576172	-0.061096
0.577148	-0.082581
0.578125	-0.043610
0.579102	0.005249
0.580078	-0.024567
0.581055	0.099487
0.582031	-0.013428
0.583008	0.106720
0.583984	0.064178
0.584961	0.060730
0.585937	-0.170624
0.586914	-0.090881
0.587891	-0.085968
0.588867	-0.012390
0.589844	0.066589
0.590820	-0.008362
0.591797	0.060608
0.592773	-0.108490
0.593750	0.098846
0.594727	-0.148163
0.595703	0.096680
0.596680	0.014862
0.597656	0.091492
0.598633	0.124725
0.599609	-0.115845
0.600586	0.027649
0.601562	-0.117859
0.602539	-0.130798
0.603516	0.022797
0.604492	0.124298
0.605469	-0.105499
0.606445	-0.049896
0.607422	-0.000275
0.608398	-0.067047
0.609375	-0.067017
0.610352	-0.088409
0.611328	-0.113403
0.612305	-0.162445
0.613281	0.105377
0.614258	-0.112183
0.615234	0.013947
0.616211	0.019562
0.617187	-0.122040
0.618164	-0.123688
0.619141	-0.154205
0.620117	0.006042
0.621094	0.026733
0.622070	0.022461
0.623047	-0.015747
0.624023	0.041229
0.625000	-0.083557
0.625977	-0.011322
0.626953	-0.108246
0.627930	-0.065460
0.628906	0.055176
0.629883	-0.064301
0.630859	0.066864
0.631836	-0.182892
0.632812	-0.192780
0.633789	0.031738
0.634766	-0.043304
0.635742	0.083435
0.636719	0.274475
0.637695	0.089325
0.638672	0.006653
0.639648	0.155396
0.640625	-0.064423
0.641602	0.040344
0.642578	-0.001495
0.643555	0.086395
0.644531	-0.050446
0.645508	0.055725
0.646484	-0.101349
0.647461	-0.182312
0.648437	0.077179
0.649414	-0.074097
0.650391	-0.069305
0.651367	0.108948
0.652344	-0.080261
0.653320	-0.096313
0.654297	0.108307
0.655273	0.029236
0.656250	0.163666
0.657227	0.024353
0.658203	0.184357
0.659180	-0.131927
0.660156	-0.160858
0.661133	0.040405
0.662109	-0.127502
0.663086	0.042572
0.664062	0.081116
0.665039	0.011627
0.666016	-0.149109
0.666992	-0.109375
0.667969	0.033691
0.668945	-0.019470
0.669922	-0.062134
0.670898	-0.029755
0.671875	0.004364
0.672852	-0.059387
0.673828	-0.044067
0.674805	0.017426
0.675781	-0.055298
0.676758	0.008606
0.677734	-0.064728
0.678711	0.188446
0.679687	-0.024475
0.680664	-0.006561
0.681641	-0.009918
0.682617	-0.134399
0.683594	0.017609
0.684570	0.136475
0.685547	-0.063232
0.686523	0.163239
0.687500	0.048828
0.688477	-0.091125
0.689453	-0.256012
0.690430	0.075684
0.691406	0.014801
0.692383	-0.159241
0.693359	0.060608
0.694336	-0.025543
0.695312	-0.184937
0.696289	0.049438
0.697266	-0.058807
0.698242	0.062469
0.699219	-0.016724
0.700195	0.003967
0.701172	0.058380
0.702148	-0.065918
0.703125	-0.035278
0.704102	-0.116455
0.705078	0.118195
0.706055	-0.022247
0.707031	-0.041595
0.708008	0.038300
0.708984	-0.080566
0.709961	0.062927
0.710937	0.076813
0.711914	0.201599
0.712891	0.141571
0.713867	-0.026611
0.714844	0.090332
0.715820	-0.133972
0.716797	0.012878
0.717773	0.010223
0.718750	-0.022461
0.719727	0.019958
0.720703	0.055023
0.721680	0.079895
0.722656	-0.059723
0.723633	0.108124
0.724609	-0.061859
0.725586	-0.126678
0.726562	-0.069366
0.727539	-0.190613
0.728516	-0.182953
0.729492	-0.042419
0.730469	0.159882
0.731445	0.137207
0.732422	0.049988
0.733398	-0.097015
0.734375	0.188629
0.735352	0.208160
0.736328	0.030396
0.737305	0.107819
0.738281	0.243805
0.739258	-0.054718
0.740234	0.020233
0.741211	0.091248
0.742187	-0.042694
0.743164	0.103058
0.744141	-0.047089
0.745117	-0.101685
0.746094	0.119537
0.747070	-0.138947
0.748047	0.090424
0.749023	0.197998
0.750000	0.072693
0.750977	-0.173218
0.751953	-0.031921
0.752930	-0.143982
0.753906	0.132812
0.754883	0.017029
0.755859	0.106018
0.756836	-0.067261
0.757812	0.104156
0.758789	0.079956
0.759766	0.040955
0.760742	-0.001953
0.761719	0.032166
0.762695	0.029175
0.763672	-0.166382
0.764648	-0.068359
0.765625	0.155212
0.766602	-0.151398
0.767578	-0.032990
0.768555	0.098419
0.769531	-0.020020
0.770508	0.026947
0.771484	0.006226
0.772461	0.040741
0.773437	-0.139191
0.774414	0.006073
0.775391	0.082245
0.776367	0.042542
0.777344	-0.017792
0.778320	0.171570
0.779297	0.056366
0.780273	-0.055664
0.781250	-0.169067
0.782227	0.133728
0.783203	0.056732
0.784180	-0.197723
0.785156	-0.031006
0.786133	0.086945
0.787109	-0.186676
0.788086	-0.140808
0.789062	0.103394
0.790039	0.014435
0.791016	-0.112152
0.791992	0.047699
0.792969	0.039886
0.793945	-0.008850
0.794922	-0.000519
0.795898	0.030579
0.796875	-0.140015
0.797852	0.056213
0.798828	-0.197815
0.799805	-0.089264
0.800781	0.011139
0.801758	0.071533
0.802734	0.032013
0.803711	0.046356
0.804687	0.171600
0.805664	0.149658
0.806641	-0.215668
0.807617	-0.177704
0.808594	-0.007721
0.809570	0.031189
0.810547	0.194611
0.811523	-0.159821
0.812500	0.016663
0.813477	-0.053711
0.814453	-0.027863
0.815430	0.029419
0.816406	0.150696
0.817383	-0.017609
0.818359	0.140717
0.819336	0.154358
0.820312	0.153870
0.821289	-0.026093
0.822266	-0.032623
0.823242	-0.030853
0.824219	-0.132568
0.825195	-0.193176
0.826172	0.151428
0.827148	-0.078003
0.828125	-0.121521
0.829102	-0.056976
0.830078	0.315613
0.831055	-0.190338
0.832031	0.198944
0.833008	-0.093719
0.833984	0.170685
0.834961	-0.036041
0.835937	-0.176270
0.836914	-0.063080
0.837891	-0.153198
0.838867	0.054565
0.839844	-0.077881
0.840820	0.202026
0.841797	-0.009430
0.842773	-0.230072
0.843750	-0.126160
0.844727	-0.023621
0.845703	0.074890
0.846680	0.078705
0.847656	0.066589
0.848633	-0.097260
0.849609	0.121796
0.850586	0.065979
0.851562	-0.048706
0.852539	0.048981
0.853516	0.009766
0.854492	-0.023407
0.855469	0.035889
0.856445	-0.024658
0.857422	0.076660
0.858398	-0.115662
0.859375	0.084839
0.860352	-0.008820
0.861328	-0.026733
0.862305	-0.146576
0.863281	-0.016327
0.864258	0.132507
0.865234	0.015839
0.866211	0.015137
0.867187	0.021515
0.868164	0.105682
0.869141	-0.043976
0.870117	-0.040344
0.871094	0.152466
0.872070	0.180725
0.873047	0.164032
0.874023	-0.118286
0.875000	0.142578
0.875977	-0.200226
0.876953	0.054901
0.877930	-0.224854
0.878906	-0.027710
0.879883	0.168884
0.880859	-0.024445
0.881836	0.003815
0.882812	-0.007690
0.883789	0.098358
0.884766	0.039032
0.885742	-0.067017
0.886719	-0.076813
0.887695	-0.043457
0.888672	0.078186
0.889648	-0.134766
0.890625	-0.238770
0.891602	-0.018951
0.892578	-0.193298
0.893555	-0.212158
0.894531	-0.107666
0.895508	-0.214325
0.896484	-0.003296
0.897461	0.069214
0.898437	0.185974
0.899414	0.094849
0.900391	-0.029358
0.901367	-0.111206
0.902344	-0.117615
0.903320	0.112061
0.904297	0.126770
0.905273	0.153198
0.906250	0.164612
0.907227	0.045624
0.908203	0.106384
0.909180	0.003113
0.910156	-0.013550
0.911133	0.041504
0.912109	0.029205
0.913086	0.205627
0.914062	-0.018982
0.915039	-0.113403
0.916016	0.058807
0.916992	-0.104889
0.917969	0.079346
0.918945	0.083191
0.919922	0.149506
0.920898	-0.044617
0.921875	0.062531
0.922852	0.043549
0.923828	-0.093628
0.924805	0.051361
0.925781	-0.019714
0.926758	-0.075958
0.927734	0.081970
0.928711	-0.011719
0.929687	-0.159576
0.930664	0.009705
0.931641	-0.036652
0.932617	-0.107361
0.933594	0.056885
0.934570	-0.047821
0.935547	0.058807
0.936523	0.016327
0.937500	0.067352
0.938477	-0.083679
0.939453	0.105988
0.940430	0.059448
0.941406	-0.038544
0.942383	-0.019836
0.943359	0.060089
0.944336	0.011902
0.945312	0.020355
0.946289	-0.112671
0.947266	0.052826
0.948242	-0.073181
0.949219	-0.158051
0.950195	0.201050
0.951172	0.148956
0.952148	-0.044678
0.953125	-0.195709
0.954102	0.072723
0.955078	-0.078766
0.956055	0.031158
0.957031	0.051025
0.958008	0.116333
0.958984	0.026276
0.959961	-0.125183
0.960937	-0.215820
0.961914	-0.009644
0.962891	-0.048553
0.963867	0.081787
0.964844	0.133392
0.965820	-0.009430
0.966797	0.087250
0.967773	-0.049713
0.968750	-0.108215
0.969727	-0.032684
0.970703	-0.047028
0.971680	-0.112701
0.972656	0.245361
0.973633	-0.086060
0.974609	-0.012878
0.975586	-0.100281
0.976562	0.066620
0.977539	0.054932
0.978516	-0.053497
0.979492	0.087891
0.980469	0.109863
0.981445	0.141663
0.982422	0.121002
0.983398	0.140411
0.984375	0.214813
0.985352	0.004883
0.986328	0.094055
0.987305	0.040619
0.988281	0.047638
0.989258	-0.049500
0.990234	0.084076
0.991211	-0.080780
0.992187	0.015839
0.993164	0.061035
0.994141	0.134796
0.995117	-0.127808
0.996094	0.141785
0.997070	-0.046661
0.998047	0.069794
0.999023	-0.021301
1.000000	0.077667
1.000977	-0.028961
1.001953	-0.076141
1.002930	0.096252
1.003906	0.051331
1.004883	-0.102814
1.005859	-0.136627
1.006836	0.022125
1.007812	-0.065369
1.008789	-0.110504
1.009766	0.090637
1.010742	0.056061
1.011719	0.139252
1.012695	0.004608
1.013672	-0.118835
1.014648	0.021637
1.015625	0.036957
1.016602	-0.125763
1.017578	-0.053284
1.018555	-0.033356
1.019531	0.112091
1.020508	0.081451
1.021484	0.118469
1.022461	0.074738
1.023437	0.017334
1.024414	0.033997
1.025391	-0.095276
1.026367	-0.090790
1.027344	-0.101379
1.028320	-0.104736
1.029297	-0.075714
1.030273	0.156006
1.031250	0.051819
1.032227	-0.102051
1.033203	-0.139984
1.034180	0.028992
1.035156	-0.005890
1.036133	-0.051025
1.037109	-0.139008
1.038086	0.086548
1.039062	0.109558
1.040039	-0.101105
1.041016	-0.060486
1.041992	-0.001984
1.042969	-0.146454
1.043945	-0.010864
1.044922	-0.054016
1.045898	0.090057
1.046875	0.161896
1.047852	0.004486
1.048828	-0.021606
1.049805	0.021545
1.050781	-0.115784
1.051758	0.079865
1.052734	0.086517
1.053711	0.201355
1.054687	-0.044434
1.055664	-0.086731
1.056641	-0.070282
1.057617	0.021210
1.058594	0.141174
1.059570	0.144714
1.060547	0.106476
1.061523	0.140106
1.062500	-0.073700
1.063477	0.070923
1.064453	-0.071503
1.065430	0.148865
1.066406	0.084717
1.067383	-0.046112
1.068359	0.036896
1.069336	-0.053650
1.070312	-0.201294
1.071289	0.086884
1.072266	-0.054504
1.073242	-0.018402
1.074219	-0.083282
1.075195	-0.152069
1.076172	0.082306
1.077148	0.028229
1.078125	0.125061
1.079102	0.027130
1.080078	0.049316
1.081055	0.036102
1.082031	0.031738
1.083008	-0.075806
1.083984	-0.073578
1.084961	-0.186676
1.085937	0.192841
1.086914	0.082977
1.087891	0.014252
1.088867	0.011322
1.089844	0.043793
1.090820	0.132721
1.091797	0.018951
1.092773	0.001221
1.093750	0.215759
1.094727	-0.086578
1.095703	-0.077271
1.096680	0.091705
1.097656	-0.079559
1.098633	0.132263
1.099609	0.112671
1.100586	0.120300
1.101562	0.104584
1.102539	0.018707
1.103516	-0.106598
1.104492	-0.066895
1.105469	0.119049
1.106445	0.032593
1.107422	0.060577
1.108398	0.033539
1.109375	-0.162231
1.110352	-0.073090
1.111328	0.174896
1.112305	-0.121613
1.113281	-0.076935
1.114258	0.053711
1.115234	0.010101
1.116211	-0.028320
1.117187	0.075256
1.118164	0.069702
1.119141	-0.019440
1.120117	-0.208954
1.121094	0.040680
1.122070	0.083740
1.123047	0.093597
1.124023	-0.089600
1.125000	-0.034821
1.125977	0.061859
1.126953	-0.083496
1.127930	-0.025970
1.128906	-0.097107
1.129883	0.069305
1.130859	0.001251
1.131836	0.019348
1.132812	0.005615
1.133789	-0.067413
1.134766	0.027222
1.135742	-0.070312
1.136719	0.175140
1.137695	-0.102234
1.138672	0.079407
1.139648	-0.111694
1.140625	-0.009918
1.141602	-0.065796
1.142578	0.023193
1.143555	-0.078064
1.144531	-0.034790
1.145508	-0.085693
1.146484	-0.186584
1.147461	0.189484
1.148437	0.087555
1.149414	0.081573
1.150391	0.000916
1.151367	0.050293
1.152344	-0.079590
1.153320	0.054443
1.154297	0.025024
1.155273	0.002289
1.156250	-0.059418
1.157227	-0.107788
1.158203	-0.016541
1.159180	-0.123688
1.160156	-0.173248
1.161133	-0.020752
1.162109	0.116119
1.163086	0.010193
1.164062	0.127228
1.165039	0.103851
1.166016	0.048309
1.166992	-0.137329
1.167969	-0.064758
1.168945	-0.057617
1.169922	-0.024292
1.170898	0.135712
1.171875	-0.095947
1.172852	0.127472
1.173828	0.101532
1.174805	0.177612
1.175781	-0.122986
1.176758	0.006622
1.177734	-0.207794
1.178711	0.179230
1.179687	0.164276
1.180664	-0.044495
1.181641	0.008942
1.182617	-0.163147
1.183594	0.086273
1.184570	-0.076508
1.185547	-0.063507
1.186523	0.031586
1.187500	0.024200
1.188477	-0.037079
1.189453	-0.102417
1.190430	-0.139648
1.191406	0.068268
1.192383	-0.094940
1.193359	-0.023621
1.194336	-0.143982
1.195312	-0.128784
1.196289	-0.064880
1.197266	0.029327
1.198242	0.006897
1.199219	-0.057404
1.200195	0.034058
1.201172	0.118469
1.202148	0.114838
1.203125	-0.182495
1.204102	0.129944
1.205078	-0.260254
1.206055	-0.003754
1.207031	0.095917
1.208008	0.060669
1.208984	0.004730
1.209961	-0.053101
1.210937	-0.004211
1.211914	0.094452
1.212891	-0.028351
1.213867	0.116272
1.214844	-0.054565
1.215820	0.067963
1.216797	0.030090
1.217773	0.013977
1.218750	-0.000427
1.219727	-0.092834
1.220703	-0.026947
1.221680	-0.352661
1.222656	0.101379
1.223633	0.109406
1.224609	-0.069885
1.225586	0.025543
1.226562	-0.160828
1.227539	0.004608
1.228516	0.004913
1.229492	0.004944
1.230469	0.105743
1.231445	-0.095825
1.232422	0.007751
1.233398	-0.132568
1.234375	0.074127
1.235352	0.071991
1.236328	-0.005524
1.237305	0.032990
1.238281	-0.009521
1.239258	-0.033752
1.240234	0.090149
1.241211	0.115417
1.242187	-0.095917
1.243164	0.187378
1.244141	-0.059784
1.245117	0.068115
1.246094	0.039612
1.247070	0.139862
1.248047	0.001160
1.249023	-0.020325
1.250000	0.061188
1.250977	-0.056976
1.251953	0.025543
1.252930	-0.034088
1.253906	0.036224
1.254883	0.130341
1.255859	-0.101410
1.256836	0.107971
1.257812	0.110168
1.258789	-0.047882
1.259766	0.046417
1.260742	0.053802
1.261719	-0.075409
1.262695	-0.090424
1.263672	-0.163483
1.264648	-0.035553
1.265625	-0.169312
1.266602	0.218964
1.267578	0.040222
1.268555	-0.021698
1.269531	0.070831
1.270508	0.095245
1.271484	-0.103363
1.272461	-0.187531
1.273437	-0.030334
1.274414	0.186096
1.275391	0.027740
1.276367	-0.014160
1.277344	-0.043762
1.278320	-0.071838
1.279297	-0.083862
1.280273	0.041229
1.281250	0.018921
1.282227	-0.097839
1.283203	-0.105560
1.284180	0.018005
1.285156	-0.061737
1.286133	-0.020050
1.287109	0.214661
1.288086	0.091583
1.289062	-0.038910
1.290039	-0.122681
1.291016	-0.109711
1.291992	-0.110840
1.292969	0.100067
1.293945	0.031006
1.294922	-0.163025
1.295898	-0.143127
1.296875	0.116821
1.297852	-0.019775
1.298828	0.046600
1.299805	0.004425
1.300781	-0.013336
1.301758	-0.124359
1.302734	-0.116791
1.303711	-0.069763
1.304687	-0.037842
1.305664	-0.016907
1.306641	-0.077332
1.307617	-0.090729
1.308594	0.091125
1.309570	-0.113007
1.310547	0.112640
1.311523	-0.028900
1.312500	0.060638
1.313477	0.025787
1.314453	-0.111542
1.315430	0.106232
1.316406	0.044067
1.317383	-0.000366
1.318359	0.025360
1.319336	0.067596
1.320312	0.002899
1.321289	-0.172180
1.322266	-0.303406
1.323242	0.126770
1.324219	0.053619
1.325195	0.167908
1.326172	0.046997
1.327148	0.011841
1.328125	-0.112793
1.329102	0.047546
1.330078	-0.079865
1.331055	-0.003265
1.332031	0.048035
1.333008	-0.036530
1.333984	-0.091919
1.334961	0.157135
1.335937	-0.078339
1.336914	0.072296
1.337891	0.096191
1.338867	-0.140686
1.339844	0.223724
1.340820	-0.026886
1.341797	-0.095642
1.342773	0.108429
1.343750	0.090820
1.344727	-0.091156
1.345703	0.119080
1.346680	0.007477
1.347656	-0.078949
1.348633	0.101715
1.349609	0.028778
1.350586	-0.132233
1.351562	0.088379
1.352539	0.167694
1.353516	-0.182709
1.354492	0.109863
1.355469	0.105133
1.356445	-0.131866
1.357422	0.063385
1.358398	-0.134033
1.359375	0.164948
1.360352	0.051300
1.361328	0.066071
1.362305	-0.015015
1.363281	-0.141541
1.364258	-0.005768
1.365234	0.122742
1.366211	-0.076843
1.367187	0.028534
1.368164	0.216644
1.369141	0.073090
1.370117	0.045013
1.371094	-0.286102
1.372070	0.041321
1.373047	0.106323
1.374023	-0.007080
1.375000	-0.036560
1.375977	-0.050690
1.376953	-0.119293
1.377930	-0.138397
1.378906	-0.124908
1.379883	0.086670
1.380859	0.071045
1.381836	-0.108398
1.382812	0.242371
1.383789	0.042480
1.384766	0.236206
1.385742	0.052948
1.386719	0.002014
1.387695	-0.036743
1.388672	-0.183685
1.389648	0.074341
1.390625	0.168762
1.391602	-0.218781
1.392578	-0.068237
1.393555	0.031952
1.394531	0.024933
1.395508	0.050110
1.396484	0.036682
1.397461	0.017914
1.398437	-0.024841
1.399414	-0.001526
1.400391	-0.185211
1.401367	0.128143
1.402344	0.038269
1.403320	-0.030457
1.404297	0.040314
1.405273	0.193329
1.406250	-0.166687
1.407227	0.148773
1.408203	-0.112549
1.409180	0.147583
1.410156	-0.031586
1.411133	-0.065857
1.412109	-0.049408
1.413086	-0.021240
1.414062	0.069733
1.415039	-0.004913
1.416016	-0.063751
1.416992	-0.049072
1.417969	0.053467
1.418945	0.046021
1.419922	-0.167023
1.420898	-0.042633
1.421875	0.064392
1.422852	-0.108459
1.423828	0.073395
1.424805	0.039825
1.425781	0.034180
1.426758	-0.137604
1.427734	-0.001709
1.428711	0.073090
1.429687	0.036133
1.430664	0.014709
1.431641	0.014465
1.432617	-0.038788
1.433594	-0.035187
1.434570	0.016144
1.435547	0.087311
1.436523	0.062195
1.437500	-0.148529
1.438477	-0.108551
1.439453	0.107056
1.440430	0.162506
1.441406	0.128815
1.442383	-0.078613
1.443359	0.239288
1.444336	-0.171265
1.445312	-0.039795
1.446289	-0.029480
1.447266	0.224792
1.448242	-0.144592
1.449219	0.052216
1.450195	-0.094147
1.451172	0.116333
1.452148	-0.055298
1.453125	-0.171143
1.454102	-0.016602
1.455078	0.041199
1.456055	0.069275
1.457031	0.103882
1.458008	-0.163696
1.458984	0.008911
1.459961	-0.031433
1.460937	0.144501
1.461914	0.062256
1.462891	0.168152
1.463867	-0.130432
1.464844	-0.051025
1.465820	-0.135590
1.466797	0.176331
1.467773	-0.203949
1.468750	0.048706
1.469727	-0.064362
1.470703	-0.020264
1.471680	0.043335
1.472656	0.037872
1.473633	-0.047821
1.474609	-0.036133
1.475586	-0.046783
1.476562	-0.060211
1.477539	-0.114075
1.478516	-0.164307
1.479492	0.110138
1.480469	-0.091156
1.481445	-0.082336
1.482422	-0.094727
1.483398	-0.139801
1.484375	-0.054016
1.485352	0.028748
1.486328	-0.173676
1.487305	-0.036926
1.488281	-0.092926
1.489258	0.046082
1.490234	-0.036865
1.491211	-0.157410
1.492187	0.057922
1.493164	0.057800
1.494141	-0.055664
1.495117	-0.094574
1.496094	-0.088623
1.497070	0.032410
1.498047	0.015045
1.499023	0.085388
1.500000	-0.171112
1.500977	-0.032013
1.501953	0.059723
1.502930	0.041351
1.503906	0.093292
1.504883	-0.064880
1.505859	0.033875
1.506836	0.019440
1.507812	-0.054962
1.508789	-0.199890
1.509766	0.143951
1.510742	-0.094788
1.511719	-0.033112
1.512695	0.024994
1.513672	-0.129425
1.514648	-0.035034
1.515625	-0.035553
1.516602	0.251862
1.517578	0.079620
1.518555	0.146576
1.519531	-0.095886
1.520508	-0.193390
1.521484	0.115845
1.522461	-0.088806
1.523437	-0.051208
1.524414	-0.102692
1.525391	-0.001038
1.526367	0.063019
1.527344	-0.103851
1.528320	-0.048218
1.529297	-0.056000
1.530273	0.021912
1.531250	0.010712
1.532227	0.047821
1.533203	-0.105286
1.534180	0.026062
1.535156	0.083649
1.536133	0.072815
1.537109	0.023010
1.538086	-0.051788
1.539062	-0.027222
1.540039	0.011627
1.541016	-0.003052
1.541992	-0.035736
1.542969	0.062653
1.543945	-0.017975
1.544922	0.057953
1.545898	0.023041
1.546875	-0.005737
1.547852	-0.075348
1.548828	0.287994
1.549805	0.034485
1.550781	-0.078949
1.551758	0.154449
1.552734	-0.012451
1.553711	0.060455
1.554687	0.075928
1.555664	0.175903
1.556641	0.067505
1.557617	-0.332672
1.558594	-0.099182
1.559570	-0.131104
1.560547	0.153168
1.561523	0.007965
1.562500	-0.048706
1.563477	0.071960
1.564453	0.076324
1.565430	-0.006836
1.566406	-0.045593
1.567383	-0.098572
1.568359	0.181183
1.569336	-0.000885
1.570312	-0.034119
1.571289	-0.187103
1.572266	0.078339
1.573242	-0.062653
1.574219	-0.153107
1.575195	-0.086731
1.576172	-0.108826
1.577148	-0.060455
1.578125	0.090485
1.579102	-0.042755
1.580078	-0.010315
1.581055	-0.032135
1.582031	-0.065674
1.583008	-0.082672
1.583984	0.002502
1.584961	0.028473
1.585937	-0.167908
1.586914	0.018158
1.587891	-0.006622
1.588867	0.275024
1.589844	-0.251862
1.590820	0.047272
1.591797	-0.110626
1.592773	0.072388
1.593750	0.113373
1.594727	0.180237
1.595703	-0.079285
1.596680	0.016510
1.597656	0.079651
1.598633	0.021759
1.599609	-0.009949
1.600586	-0.190247
1.601562	0.020142
1.602539	0.012787
1.603516	-0.134552
1.604492	-0.046783
1.605469	-0.339355
1.606445	-0.077911
1.607422	-0.069946
1.608398	0.050140
1.609375	0.019501
1.610352	0.184357
1.611328	0.033875
1.612305	-0.126221
1.613281	0.109070
1.614258	-0.114136
1.615234	-0.098572
1.616211	-0.099121
1.617187	0.201691
1.618164	0.089691
1.619141	-0.040710
1.620117	-0.162292
1.621094	-0.034485
1.622070	-0.098236
1.623047	-0.098511
1.624023	-0.031342
1.625000	-0.045593
1.625977	-0.032166
1.626953	-0.135193
1.627930	0.140991
1.628906	0.029755
1.629883	0.101318
1.630859	0.018524
1.631836	-0.044220
1.632812	-0.051270
1.633789	0.019684
1.634766	-0.036987
1.635742	0.066650
1.636719	-0.022583
1.637695	-0.059296
1.638672	0.112244
1.639648	0.161713
1.640625	0.020508
1.641602	0.011536
1.642578	0.119904
1.643555	-0.181763
1.644531	-0.074860
1.645508	0.082428
1.646484	0.023651
1.647461	-0.032715
1.648437	-0.026215
1.649414	0.194061
1.650391	0.121735
1.651367	0.198608
1.652344	-0.048828
1.653320	0.018799
1.654297	0.145905
1.655273	-0.048065
1.656250	0.044128
1.657227	-0.085632
1.658203	-0.054932
1.659180	-0.046509
1.660156	-0.099640
1.661133	-0.029694
1.662109	0.113312
1.663086	-0.160370
1.664062	0.198395
1.665039	-0.091187
1.666016	-0.197113
1.666992	0.085968
1.667969	0.078491
1.668945	-0.015839
1.669922	-0.163391
1.670898	0.106445
1.671875	-0.000214
1.672852	-0.075897
1.673828	0.227417
1.674805	-0.064880
1.675781	-0.082184
1.676758	-0.024384
1.677734	-0.057281
1.678711	0.074768
1.679687	0.011627
1.680664	-0.048737
1.681641	0.075134
1.682617	-0.019196
1.683594	-0.038727
1.684570	-0.109039
1.685547	-0.079254
1.686523	0.012299
1.687500	-0.161316
1.688477	0.013550
1.689453	-0.054962
1.690430	0.011963
1.691406	-0.008881
1.692383	0.260162
1.693359	0.048676
1.694336	0.028625
1.695312	0.104492
1.696289	0.117187
1.697266	-0.102722
1.698242	-0.016602
1.699219	0.054413
1.700195	0.279541
1.701172	0.101776
1.702148	0.196350
1.703125	-0.140259
1.704102	0.013153
1.705078	-0.015503
1.706055	-0.055176
1.707031	-0.212006
1.708008	-0.031067
1.708984	0.081879
1.709961	-0.062622
1.710937	-0.007416
1.711914	0.076050
1.712891	0.059326
1.713867	0.006958
1.714844	-0.152374
1.715820	0.051788
1.716797	0.108582
1.717773	0.103546
1.718750	0.015320
1.719727	-0.011139
1.720703	0.094421
1.721680	-0.007660
1.722656	-0.067139
1.723633	0.168091
1.724609	-0.198181
1.725586	0.110260
1.726562	-0.048218
1.727539	0.029572
1.728516	0.030090
1.729492	-0.001068
1.730469	-0.058441
1.731445	0.198090
1.732422	-0.053528
1.733398	-0.143250
1.734375	0.057526
1.735352	0.003937
1.736328	-0.071686
1.737305	0.085022
1.738281	-0.182404
1.739258	-0.099274
1.740234	0.031586
1.741211	-0.081329
1.742187	0.001587
1.743164	0.060059
1.744141	0.040497
1.745117	-0.043396
1.746094	0.004730
1.747070	0.025085
1.748047	0.286713
1.749023	-0.109314
1.750000	-0.242035
1.750977	0.043030
1.751953	-0.080597
1.752930	-0.050293
1.753906	-0.020142
1.754883	0.099884
1.755859	0.083618
1.756836	0.021179
1.757812	0.041809
1.758789	0.117157
1.759766	0.012451
1.760742	0.037231
1.761719	-0.099762
1.762695	-0.117615
1.763672	0.066040
1.764648	-0.064941
1.765625	-0.121429
1.766602	0.114990
1.767578	-0.089081
1.768555	-0.032013
1.769531	-0.052307
1.770508	-0.105469
1.771484	-0.069458
1.772461	-0.229187
1.773437	0.169647
1.774414	-0.008514
1.775391	0.014130
1.776367	0.129578
1.777344	-0.100647
1.778320	-0.046082
1.779297	0.087860
1.780273	0.021240
1.781250	-0.095337
1.782227	-0.101135
1.783203	0.097321
1.784180	-0.094788
1.785156	-0.089447
1.786133	0.021912
1.787109	-0.014832
1.788086	-0.051605
1.789062	-0.016815
1.790039	0.003662
1.791016	0.000702
1.791992	-0.358826
1.792969	-0.091187
1.793945	-0.001587
1.794922	0.047791
1.795898	-0.179962
1.796875	0.024719
1.797852	-0.160339
1.798828	0.092529
1.799805	-0.071930
1.800781	-0.103485
1.801758	-0.008453
1.802734	-0.036713
1.803711	-0.100555
1.804687	-0.060394
1.805664	0.033112
1.806641	-0.164612
1.807617	-0.051025
1.808594	-0.036102
1.809570	-0.142578
1.810547	-0.078583
1.811523	0.014984
1.812500	0.176941
1.813477	0.147339
1.814453	-0.039215
1.815430	0.078033
1.816406	-0.064636
1.817383	-0.024811
1.818359	0.072327
1.819336	0.062286
1.820312	0.021057
1.821289	-0.073761
1.822266	0.058167
1.823242	0.121277
1.824219	0.026733
1.825195	0.108887
1.826172	-0.092194
1.827148	0.038757
1.828125	0.025513
1.829102	0.038757
1.830078	-0.074097
1.831055	-0.190826
1.832031	-0.040741
1.833008	-0.022766
1.833984	-0.096924
1.834961	0.098633
1.835937	-0.019440
1.836914	0.044586
1.837891	0.123352
1.838867	-0.116180
1.839844	0.057556
1.840820	0.109467
1.841797	0.084747
1.842773	-0.064972
1.843750	-0.072937
1.844727	0.182312
1.845703	-0.022919
1.846680	0.000977
1.847656	-0.018219
1.848633	-0.044312
1.849609	-0.090607
1.850586	-0.039856
1.851562	-0.053864
1.852539	-0.047424
1.853516	0.020660
1.854492	0.107971
1.855469	0.063934
1.856445	0.107361
1.857422	-0.160095
1.858398	0.092133
1.859375	0.092773
1.860352	-0.146881
1.861328	-0.023987
1.862305	0.062408
1.863281	0.066742
1.864258	-0.088593
1.865234	-0.086090
1.866211	0.023865
1.867187	0.014648
1.868164	-0.035645
1.869141	0.000671
1.870117	-0.181976
1.871094	-0.111328
1.872070	-0.046722
1.873047	-0.024567
1.874023	0.121216
1.875000	0.063782
1.875977	0.042389
1.876953	-0.114624
1.877930	0.095703
1.878906	-0.039612
1.879883	0.039886
1.880859	0.044525
1.881836	-0.049500
1.882812	-0.168518
1.883789	0.055054
1.884766	-0.051636
1.885742	0.131683
1.886719	0.068604
1.887695	0.101166
1.888672	0.062103
1.889648	-0.046753
1.890625	0.078369
1.891602	-0.000122
1.892578	0.006958
1.893555	0.020264
1.894531	0.076447
1.895508	0.070404
1.896484	-0.023895
1.897461	-0.067108
1.898437	-0.009186
1.899414	-0.144440
1.900391	0.034851
1.901367	-0.055695
1.902344	0.011932
1.903320	-0.245239
1.904297	0.133484
1.905273	-0.030273
1.906250	0.021820
1.907227	-0.026001
1.908203	-0.104736
1.909180	-0.154846
1.910156	-0.257690
1.911133	0.018463
1.912109	-0.076691
1.913086	0.165588
1.914062	0.022644
1.915039	-0.002472
1.916016	0.066406
1.916992	-0.083252
1.917969	0.009735
1.918945	-0.149017
1.919922	-0.232513
1.920898	-0.177734
1.921875	0.063171
1.922852	-0.020966
1.923828	0.070801
1.924805	-0.175262
1.925781	0.215027
1.926758	0.088257
1.927734	-0.019867
1.928711	-0.159943
1.929687	-0.155182
1.930664	0.094788
1.931641	-0.032745
1.932617	-0.082245
1.933594	0.006866
1.934570	0.078552
1.935547	-0.022369
1.936523	-0.028778
1.937500	0.038391
1.938477	0.007660
1.939453	-0.076111
1.940430	-0.000732
1.941406	0.168060
1.942383	0.093750
1.943359	-0.091400
1.944336	0.046326
1.945312	0.118073
1.946289	-0.083069
1.947266	-0.093658
1.948242	0.102417
1.949219	-0.059235
1.950195	0.003357
1.951172	-0.186829
1.952148	0.020386
1.953125	0.233459
1.954102	-0.006714
1.955078	-0.161469
1.956055	-0.020325
1.957031	-0.008240
1.958008	0.085632
1.958984	-0.221558
1.959961	0.000916
1.960937	-0.064484
1.961914	-0.014740
1.962891	0.092224
1.963867	0.152374
1.964844	-0.217010
1.965820	-0.058807
1.966797	-0.032104
1.967773	-0.121765
1.968750	-0.108154
1.969727	0.032196
1.970703	0.050751
1.971680	0.008728
1.972656	-0.136688
1.973633	0.068573
1.974609	-0.003082
1.975586	0.183777
1.976562	0.074890
1.977539	0.103180
1.978516	0.001190
1.979492	0.012787
1.980469	0.073914
1.981445	0.153870
1.982422	0.285156
1.983398	-0.147339
1.984375	0.121552
1.985352	-0.235748
1.986328	0.090454
1.987305	-0.057922
1.988281	-0.040802
1.989258	-0.115906
1.990234	-0.011932
1.991211	-0.093811
1.992187	0.037292
1.993164	0.097107
1.994141	0.010529
1.995117	-0.143677
1.996094	-0.060181
1.997070	0.014282
1.998047	-0.126617
1.999023	-0.211243
2.000000	0.176178
2.000977	-0.058044
2.001953	-0.098389
2.002930	0.017975
2.003906	-0.051849
2.004883	0.039368
2.005859	0.019836
2.006836	0.049194
2.007812	0.026123
2.008789	-0.119995
2.009766	-0.037872
2.010742	-0.054596
2.011719	0.091736
2.012695	0.057159
2.013672	0.098755
2.014648	-0.120728
2.015625	-0.034729
2.016602	-0.005096
2.017578	0.043945
2.018555	-0.063385
2.019531	-0.007843
2.020508	-0.007721
2.021484	-0.072174
2.022461	0.054077
2.023437	-0.165131
2.024414	-0.001282
2.025391	0.093079
2.026367	-0.000244
2.027344	-0.135712
2.028320	0.044708
2.029297	0.021301
2.030273	0.083557
2.031250	-0.109100
2.032227	-0.039154
2.033203	0.068329
2.034180	-0.266724
2.035156	0.138977
2.036133	-0.057404
2.037109	0.033691
2.038086	0.098206
2.039062	-0.100891
2.040039	0.008728
2.041016	-0.123322
2.041992	-0.145142
2.042969	0.119049
2.043945	-0.161499
2.044922	-0.099487
2.045898	0.075684
2.046875	0.039825
2.047852	-0.080658
2.048828	0.072968
2.049805	-0.071716
2.050781	-0.162506
2.051758	0.112579
2.052734	-0.032440
2.053711	-0.098236
2.054687	-0.076111
2.055664	0.091644
2.056641	0.025543
2.057617	-0.117645
2.058594	0.027679
2.059570	0.236267
2.060547	-0.018280
2.061523	-0.050629
2.062500	-0.048737
2.063477	-0.040833
2.064453	-0.181030
2.065430	-0.076752
2.066406	-0.080688
2.067383	-0.154663
2.068359	-0.059143
2.069336	-0.018341
2.070312	0.022491
2.071289	0.115723
2.072266	-0.131653
2.073242	-0.030823
2.074219	-0.021484
2.075195	0.027710
2.076172	0.004089
2.077148	0.027954
2.078125	0.015991
2.079102	-0.001953
2.080078	0.073120
2.081055	-0.009644
2.082031	-0.066711
2.083008	-0.021637
2.083984	0.226166
2.084961	0.043793
2.085937	-0.090057
2.086914	0.047333
2.087891	-0.005249
2.088867	-0.108612
2.089844	-0.006195
2.090820	0.147430
2.091797	0.150696
2.092773	0.170715
2.093750	0.232056
2.094727	-0.080200
2.095703	0.010101
2.096680	0.052368
2.097656	0.039337
2.098633	0.039001
2.099609	0.137848
2.100586	0.002869
2.101562	-0.088135
2.102539	0.127869
2.103516	0.020996
2.104492	-0.123383
2.105469	0.137817
2.106445	0.103180
2.107422	0.066833
2.108398	0.074127
2.109375	-0.057007
2.110352	-0.002106
2.111328	-0.059296
2.112305	-0.046265
2.113281	0.056519
2.114258	-0.023041
2.115234	-0.115143
2.116211	-0.070831
2.117187	0.052246
2.118164	0.052368
2.119141	0.002411
2.120117	-0.078979
2.121094	0.172272
2.122070	0.238190
2.123047	-0.048004
2.124023	-0.064514
2.125000	-0.092682
2.125977	-0.048462
2.126953	0.125244
2.127930	-0.081879
2.128906	-0.044037
2.129883	-0.008423
2.130859	0.208496
2.131836	-0.063416
2.132812	0.083679
2.133789	-0.081482
2.134766	-0.001373
2.135742	0.014252
2.136719	-0.029663
2.137695	-0.021118
2.138672	0.106567
2.139648	-0.071686
2.140625	-0.129211
2.141602	0.016235
2.142578	-0.064606
2.143555	0.083466
2.144531	-0.045776
2.145508	-0.145935
2.146484	0.225250
2.147461	0.115601
2.148437	0.106201
2.149414	-0.102112
2.150391	-0.177063
2.151367	-0.112976
2.152344	0.141113
2.153320	0.034149
2.154297	0.118835
2.155273	0.094849
2.156250	0.191376
2.157227	-0.188202
2.158203	0.016174
2.159180	-0.233185
2.160156	-0.020813
2.161133	0.015076
2.162109	-0.008423
2.163086	-0.097717
2.164062	0.000824
2.165039	-0.117828
2.166016	0.010071
2.166992	-0.028412
2.167969	0.110291
2.168945	0.111267
2.169922	0.107178
2.170898	0.156433
2.171875	-0.242004
2.172852	0.040985
2.173828	0.274445
2.174805	0.051514
2.175781	0.020538
2.176758	0.103394
2.177734	0.210236
2.178711	0.125275
2.179687	0.024323
2.180664	0.027008
2.181641	0.086853
2.182617	0.096405
2.183594	-0.196228
2.184570	0.001587
2.185547	-0.086945
2.186523	0.052277
2.187500	0.099365
2.188477	0.075409
2.189453	0.105591
2.190430	-0.151459
2.191406	0.054962
2.192383	0.014648
2.193359	0.050293
2.194336	-0.022156
2.195312	0.154877
2.196289	0.068604
2.197266	-0.093964
2.198242	-0.046173
2.199219	-0.114166
2.200195	-0.121338
2.201172	-0.001221
2.202148	0.073303
2.203125	-0.154602
2.204102	-0.042114
2.205078	-0.027252
2.206055	0.087830
2.207031	0.006958
2.208008	0.083862
2.208984	-0.049988
2.209961	-3.051758E-5
2.210937	-0.150360
2.211914	-0.053070
2.212891	-0.051880
2.213867	-0.041443
2.214844	0.051605
2.215820	0.044586
2.216797	-0.146454
2.217773	0.051300
2.218750	-0.096954
2.219727	-0.062927
2.220703	0.043274
2.221680	0.141663
2.222656	0.165649
2.223633	0.105194
2.224609	0.108002
2.225586	-0.059937
2.226562	-0.333771
2.227539	-0.024292
2.228516	-0.045197
2.229492	0.057281
2.230469	0.034698
2.231445	-0.278137
2.232422	-0.009918
2.233398	0.028198
2.234375	-0.155670
2.235352	-0.008484
2.236328	0.011353
2.237305	0.085480
2.238281	-0.154510
2.239258	-0.083038
2.240234	-0.013031
2.241211	0.090179
2.242187	-0.063446
2.243164	-0.200317
2.244141	0.042175
2.245117	-0.093445
2.246094	-0.186920
2.247070	-0.130737
2.248047	0.128326
2.249023	0.123230
2.250000	0.032166
2.250977	-0.155090
2.251953	0.051910
2.252930	0.072693
2.253906	0.023346
2.254883	0.002533
2.255859	0.106476
2.256836	-0.037750
2.257812	-0.020325
2.258789	0.085693
2.259766	0.042542
2.260742	-0.120056
2.261719	-0.070801
2.262695	0.029572
2.263672	0.059967
2.264648	0.106812
2.265625	-0.018921
2.266602	-0.122101
2.267578	-0.034546
2.268555	-0.100098
2.269531	-0.131714
2.270508	0.099213
2.271484	0.011108
2.272461	-0.000793
2.273437	-0.059692
2.274414	0.099487
2.275391	0.021423
2.276367	-0.082672
2.277344	-0.265808
2.278320	0.075928
2.279297	0.081757
2.280273	-0.173706
2.281250	0.097626
2.282227	0.063538
2.283203	-0.018616
2.284180	0.145721
2.285156	0.085602
2.286133	-0.081696
2.287109	0.044861
2.288086	0.098938
2.289062	0.018829
2.290039	-0.075623
2.291016	0.151947
2.291992	0.110077
2.292969	0.119476
2.293945	-0.089783
2.294922	-0.218750
2.295898	0.069946
2.296875	0.144653
2.297852	-0.092407
2.298828	-0.161865
2.299805	0.040405
2.300781	0.051727
2.301758	-0.026733
2.302734	0.020844
2.303711	0.031525
2.304687	0.083038
2.305664	0.010193
2.306641	0.084412
2.307617	-0.132202
2.308594	0.033081
2.309570	0.165070
2.310547	0.020691
2.311523	0.034668
2.312500	0.001770
2.313477	0.031647
2.314453	-0.215210
2.315430	-0.147980
2.316406	0.023346
2.317383	-0.038757
2.318359	-0.022644
2.319336	0.012573
2.320312	-0.072205
2.321289	0.074127
2.322266	-0.072388
2.323242	-0.071655
2.324219	0.003235
2.325195	-0.059113
2.326172	0.026459
2.327148	-0.107941
2.328125	-0.033173
2.329102	-0.056519
2.330078	0.044006
2.331055	-0.042389
2.332031	-0.041443
2.333008	-0.141785
2.333984	-0.019928
2.334961	-0.169525
2.335937	-0.013672
2.336914	-0.179138
2.337891	0.101410
2.338867	-0.046356
2.339844	-0.124634
2.340820	-0.092804
2.341797	-0.087250
2.342773	-0.094574
2.343750	-0.041290
2.344727	0.015900
2.345703	0.096344
2.346680	0.115204
2.347656	-0.027100
2.348633	0.077698
2.349609	0.043274
2.350586	0.047302
2.351562	-0.018768
2.352539	-0.089569
2.353516	-0.003571
2.354492	0.016754
2.355469	-0.083496
2.356445	0.094971
2.357422	-0.006622
2.358398	0.153351
2.359375	0.073761
2.360352	-0.014526
2.361328	-0.015503
2.362305	-0.027832
2.363281	-0.043945
2.364258	-0.083191
2.365234	-0.038361
2.366211	0.115479
2.367187	0.089813
2.368164	0.182526
2.369141	-0.001648
2.370117	-0.134491
2.371094	-0.086304
2.372070	0.023560
2.373047	0.149719
2.374023	-0.194885
2.375000	-0.091003
2.375977	-0.009247
2.376953	-0.018250
2.377930	-0.053802
2.378906	-0.006592
2.379883	0.038940
2.380859	-0.200867
2.381836	-0.206390
2.382812	-0.091705
2.383789	-0.073669
2.384766	-0.007263
2.385742	0.051636
2.386719	0.076538
2.387695	-0.034943
2.388672	-0.008972
2.389648	0.100159
2.390625	-0.170105
2.391602	0.005585
2.392578	-0.029572
2.393555	0.111084
2.394531	-0.062439
2.395508	0.062073
2.396484	-0.152527
2.397461	-0.108978
2.398437	-0.000458
2.399414	0.110413
2.400391	0.009186
2.401367	-0.000580
2.402344	0.004150
2.403320	0.084045
2.404297	-0.126404
2.405273	-0.008392
2.406250	0.050690
2.407227	0.056732
2.408203	-0.175629
2.409180	0.085297
2.410156	0.077606
2.411133	0.051819
2.412109	0.179749
2.413086	-0.028168
2.414062	0.000488
2.415039	0.144348
2.416016	0.204163
2.416992	-0.006866
2.417969	-0.047272
2.418945	-0.169647
2.419922	-0.024872
2.420898	-0.018890
2.421875	-0.022888
2.422852	0.056030
2.423828	0.219910
2.424805	0.057983
2.425781	0.068512
2.426758	0.138672
2.427734	-0.125488
2.428711	0.112366
2.429687	-0.103668
2.430664	-0.106598
2.431641	-0.060852
2.432617	-0.105286
2.433594	0.006073
2.434570	-0.098907
2.435547	0.043335
2.436523	0.172821
2.437500	0.033691
2.438477	0.135498
2.439453	0.066223
2.440430	0.145264
2.441406	-0.083557
2.442383	-0.032410
2.443359	-0.092987
2.444336	-0.002014
2.445312	-0.029846
2.446289	0.009857
2.447266	-0.109406
2.448242	0.052063
2.449219	-0.143585
2.450195	0.039551
2.451172	0.158997
2.452148	0.104767
2.453125	-0.087097
2.454102	-0.038239
2.455078	0.030884
2.456055	0.121613
2.457031	0.112427
2.458008	-0.110046
2.458984	0.180206
2.459961	0.008423
2.460937	-0.059418
2.461914	-0.097595
2.462891	-0.209808
2.463867	-0.024353
2.464844	-0.102417
2.465820	0.258392
2.466797	-0.025085
2.467773	0.117645
2.468750	0.042603
2.469727	-0.170166
2.470703	-0.176239
2.471680	0.045441
2.472656	0.021667
2.473633	0.037415
2.474609	0.092377
2.475586	0.067566
2.476562	-0.048798
2.477539	0.055664
2.478516	-0.123108
2.479492	-0.073639
2.480469	-0.091339
2.481445	0.156006
2.482422	-0.092834
2.483398	-0.044708
2.484375	-0.214203
2.485352	0.046295
2.486328	0.006317
2.487305	-0.014404
2.488281	-0.026520
2.489258	0.161407
2.490234	0.174530
2.491211	-0.098846
2.492187	-0.012024
2.493164	0.006256
2.494141	-0.041656
2.495117	0.179108
2.496094	0.093109
2.497070	0.051453
2.498047	0.169464
2.499023	0.016205
2.500000	-0.068512
2.500977	-0.060883
2.501953	0.023712
2.502930	-0.018433
2.503906	-0.027588
2.504883	0.260773
2.505859	0.250275
2.506836	-0.152405
2.507812	-0.053925
2.508789	0.020050
2.509766	-0.145752
2.510742	0.050781
2.511719	-0.015533
2.512695	-0.069092
2.513672	-0.003693
2.514648	-0.047607
2.515625	-0.001801
2.516602	0.001282
2.517578	-0.013397
2.518555	0.031036
2.519531	0.033661
2.520508	0.107819
2.521484	-0.107910
2.522461	0.103638
2.523437	-0.262543
2.524414	0.000824
2.525391	-0.014771
2.526367	0.108795
2.527344	0.067749
2.528320	-0.021179
2.529297	0.018005
2.530273	0.112122
2.531250	-0.053162
2.532227	0.011597
2.533203	0.076904
2.534180	0.029602
2.535156	0.019562
2.536133	-0.230011
2.537109	-0.133026
2.538086	-0.028595
2.539062	0.227997
2.540039	-0.244537
2.541016	0.054901
2.541992	-0.053619
2.542969	-0.103760
2.543945	-0.039307
2.544922	-0.030243
2.545898	-0.096802
2.546875	-0.125061
2.547852	0.016663
2.548828	-0.030457
2.549805	-0.020020
2.550781	0.031403
2.551758	-0.247620
2.552734	-0.071411
2.553711	0.122284
2.554687	0.145935
2.555664	-0.058533
2.556641	-0.119476
2.557617	-0.008575
2.558594	0.041351
2.559570	-0.146606
2.560547	-0.048889
2.561523	-0.123444
2.562500	-0.072662
2.563477	-0.228058
2.564453	0.089447
2.565430	-0.044556
2.566406	-0.040039
2.567383	-0.136261
2.568359	-0.010162
2.569336	-0.001953
2.570312	0.007660
2.571289	0.169281
2.572266	0.067291
2.573242	-0.078827
2.574219	-0.178558
2.575195	-0.006744
2.576172	-0.023834
2.577148	-0.028168
2.578125	0.037903
2.579102	-0.003174
2.580078	0.085571
2.581055	0.125122
2.582031	0.237640
2.583008	0.120117
2.583984	-0.116791
2.584961	-0.135071
2.585937	-0.061554
2.586914	0.090088
2.587891	0.009094
2.588867	-0.046967
2.589844	0.093567
2.590820	-0.051392
2.591797	-0.055969
2.592773	-0.018036
2.593750	0.058807
2.594727	0.007629
2.595703	-0.023407
2.596680	-0.160004
2.597656	0.061829
2.598633	-0.124512
2.599609	-0.151337
2.600586	-0.176086
2.601562	0.220825
2.602539	-0.019501
2.603516	0.109161
2.604492	0.019531
2.605469	0.050964
2.606445	-0.196045
2.607422	-0.196228
2.608398	-0.006317
2.609375	0.119202
2.610352	-0.015442
2.611328	-0.005371
2.612305	-0.013611
2.613281	-0.028839
2.614258	0.061737
2.615234	0.012939
2.616211	-0.101044
2.617187	0.076508
2.618164	0.033112
2.619141	0.039368
2.620117	-0.056915
2.621094	0.022675
2.622070	0.050385
2.623047	-0.068970
2.624023	-0.037750
2.625000	0.055756
2.625977	0.110901
2.626953	-0.064117
2.627930	0.137115
2.628906	-0.077881
2.629883	-0.062622
2.630859	0.133331
2.631836	0.046692
2.632812	0.008942
2.633789	0.010620
2.634766	-0.097595
2.635742	-0.001801
2.636719	0.056305
2.637695	-0.048340
2.638672	0.087677
2.639648	0.141357
2.640625	-0.070343
2.641602	-0.137939
2.642578	-0.006348
2.643555	-0.103546
2.644531	-0.065430
2.645508	0.060455
2.646484	0.178192
2.647461	-0.089539
2.648437	-0.129028
2.649414	0.061676
2.650391	-0.002136
2.651367	0.076691
2.652344	0.055603
2.653320	-0.017944
2.654297	-0.240540
2.655273	-0.210876
2.656250	-0.072662
2.657227	0.023956
2.658203	0.104462
2.659180	-0.083740
2.660156	-0.006104
2.661133	-0.186737
2.662109	-0.161713
2.663086	-0.053864
2.664062	-0.061157
2.665039	-0.016174
2.666016	0.272278
2.666992	0.014526
2.667969	0.014130
2.668945	-0.108673
2.669922	0.128387
2.670898	0.034668
2.671875	0.050812
2.672852	-0.141449
2.673828	-0.111938
2.674805	-0.091705
2.675781	-0.241119
2.676758	0.045227
2.677734	0.165039
2.678711	0.051971
2.679687	-0.089142
2.680664	-0.086823
2.681641	0.001190
2.682617	0.046112
2.683594	-0.023773
2.684570	-0.039368
2.685547	-0.181702
2.686523	0.057281
2.687500	0.009644
2.688477	0.028442
2.689453	0.341797
2.690430	-0.024414
2.691406	-0.009888
2.692383	0.145325
2.693359	-0.100739
2.694336	-0.013733
2.695312	-0.209930
2.696289	-0.168457
2.697266	0.040283
2.698242	-0.025574
2.699219	-0.031158
2.700195	0.027527
2.701172	-0.031830
2.702148	-0.044708
2.703125	-0.111969
2.704102	-0.099915
2.705078	0.005646
2.706055	0.037262
2.707031	0.065308
2.708008	-0.018585
2.708984	0.111969
2.709961	-0.110474
2.710937	0.038971
2.711914	0.020813
2.712891	0.025513
2.713867	-0.064484
2.714844	0.006500
2.715820	0.157562
2.716797	-0.150757
2.717773	-0.016937
2.718750	0.094574
2.719727	-0.006165
2.720703	0.033112
2.721680	0.016388
2.722656	0.042725
2.723633	-0.049652
2.724609	0.075470
2.725586	0.010071
2.726562	-0.161896
2.727539	-0.156586
2.728516	0.051819
2.729492	0.063629
2.730469	0.077240
2.731445	0.032837
2.732422	-0.079346
2.733398	0.089355
2.734375	-0.240204
2.735352	0.086761
2.736328	0.136230
2.737305	0.143585
2.738281	-0.166687
2.739258	0.090393
2.740234	-0.096741
2.741211	-0.121277
2.742187	0.154785
2.743164	-0.028961
2.744141	-0.008484
2.745117	-0.114197
2.746094	0.058960
2.747070	0.097198
2.748047	0.106537
2.749023	-0.067505
2.750000	0.030945
2.750977	-0.008057
2.751953	0.022888
2.752930	-0.084412
2.753906	-0.003448
2.754883	0.056458
2.755859	0.012726
2.756836	0.083252
2.757812	0.057159
2.758789	-0.045685
2.759766	0.000336
2.760742	0.080933
2.761719	-0.219452
2.762695	-0.170135
2.763672	0.017883
2.764648	0.090515
2.765625	-0.012695
2.766602	0.004974
2.767578	-0.211182
2.768555	0.079285
2.769531	0.037598
2.770508	-0.088745
2.771484	0.094055
2.772461	-0.026855
2.773437	0.185455
2.774414	-0.177216
2.775391	-0.041504
2.776367	-0.063782
2.777344	0.060883
2.778320	0.140442
2.779297	-0.070526
2.780273	0.082367
2.781250	0.140259
2.782227	0.067688
2.783203	0.082489
2.784180	0.084595
2.785156	-0.120300
2.786133	0.001587
2.787109	0.082611
2.788086	0.042419
2.789062	0.056610
2.790039	-0.010223
2.791016	0.202759
2.791992	0.007843
2.792969	-0.006073
2.793945	-0.089874
2.794922	0.113831
2.795898	0.100006
2.796875	0.133850
2.797852	-0.056488
2.798828	0.149689
2.799805	-0.171326
2.800781	0.025513
2.801758	0.068817
2.802734	-0.029114
2.803711	0.025238
2.804687	-0.142456
2.805664	0.012848
2.806641	0.114655
2.807617	0.074219
2.808594	-0.101715
2.809570	0.105560
2.810547	0.086273
2.811523	0.178833
2.812500	0.052643
2.813477	0.083557
2.814453	-0.064728
2.815430	-0.037842
2.816406	0.209229
2.817383	0.026611
2.818359	0.273407
2.819336	0.057373
2.820312	0.110443
2.821289	0.110626
2.822266	-0.022278
2.823242	-0.031097
2.824219	-0.143799
2.825195	0.089020
2.826172	0.050659
2.827148	0.077179
2.828125	-0.082092
2.829102	0.049866
2.830078	0.211365
2.831055	0.072144
2.832031	-0.227051
2.833008	0.074585
2.833984	-0.136810
2.834961	-0.062622
2.835937	0.101715
2.836914	-0.118073
2.837891	0.094330
2.838867	-0.129700
2.839844	0.190582
2.840820	-0.002716
2.841797	0.127289
2.842773	0.025116
2.843750	-0.097900
2.844727	-0.136108
2.845703	-0.150055
2.846680	-0.041077
2.847656	0.023560
2.848633	0.059235
2.849609	0.113800
2.850586	-0.056915
2.851562	0.077637
2.852539	0.103088
2.853516	-0.007446
2.854492	-0.090942
2.855469	-0.056458
2.856445	0.158722
2.857422	-0.176453
2.858398	-0.133087
2.859375	-0.045441
2.860352	0.158966
2.861328	0.040985
2.862305	0.104004
2.863281	0.070282
2.864258	-0.083649
2.865234	-0.066864
2.866211	0.032898
2.867187	-0.091888
2.868164	-0.069702
2.869141	0.042847
2.870117	0.031067
2.871094	0.081329
2.872070	0.191620
2.873047	0.055542
2.874023	0.132355
2.875000	-0.065033
2.875977	0.208496
2.876953	0.001007
2.877930	0.095276
2.878906	-0.010620
2.879883	-0.089020
2.880859	-0.047058
2.881836	0.064026
2.882812	0.172882
2.883789	0.018921
2.884766	0.111969
2.885742	0.162231
2.886719	-0.069122
2.887695	-0.124146
2.888672	0.012970
2.889648	-0.025391
2.890625	0.043793
2.891602	0.151459
2.892578	-0.235809
2.893555	0.092194
2.894531	0.043427
2.895508	-0.063965
2.896484	0.090088
2.897461	0.048279
2.898437	0.038177
2.899414	-0.070862
2.900391	-0.003357
2.901367	0.078552
2.902344	0.233002
2.903320	0.051239
2.904297	0.094055
2.905273	0.010986
2.906250	-0.048615
2.907227	0.256744
2.908203	0.032104
2.909180	-0.089691
2.910156	-0.090912
2.911133	0.216705
2.912109	-0.005585
2.913086	0.003601
2.914062	-0.034790
2.915039	0.049622
2.916016	0.197052
2.916992	-0.007782
2.917969	0.016296
2.918945	0.130341
2.919922	0.172058
2.920898	-0.157043
2.921875	0.082001
2.922852	0.186951
2.923828	0.077576
2.924805	-0.138428
2.925781	0.039703
2.926758	0.011902
2.927734	-0.040405
2.928711	0.099548
2.929687	-0.002106
2.930664	0.114014
2.931641	0.063538
2.932617	0.002472
2.933594	0.019501
2.934570	0.212463
2.935547	0.060974
2.936523	-0.107697
2.937500	-0.134247
2.938477	0.213409
2.939453	-0.041718
2.940430	-0.072052
2.941406	-0.014191
2.942383	-0.027496
2.943359	0.028900
2.944336	0.082642
2.945312	0.030670
2.946289	-0.081360
2.947266	-0.101196
2.948242	0.103668
2.949219	-0.140564
2.950195	-0.092834
2.951172	0.013702
2.952148	-0.065430
2.953125	0.086304
2.954102	-0.081757
2.955078	0.086456
2.956055	-0.087311
2.957031	-0.005127
2.958008	0.018433
2.958984	0.114746
2.959961	-0.033234
2.960937	-0.205475
2.961914	-0.030792
2.962891	-0.088867
2.963867	0.001129
2.964844	-0.044067
2.965820	0.044220
2.966797	-0.033081
2.967773	-0.017517
2.968750	0.015106
2.969727	0.007294
2.970703	-0.080109
2.971680	0.007629
2.972656	-0.207123
2.973633	-0.038116
2.974609	0.127014
2.975586	0.011383
2.976562	0.245209
2.977539	0.037598
2.978516	0.042816
2.979492	-0.023315
2.980469	-0.017303
2.981445	0.170502
2.982422	-0.214844
2.983398	-0.119751
2.984375	0.016144
2.985352	0.212891
2.986328	-0.029388
2.987305	-0.163300
2.988281	0.030060
2.989258	0.007080
2.990234	-0.081848
2.991211	0.014191
2.992187	0.143768
2.993164	-0.058624
2.994141	-0.002716
2.995117	0.076233
2.996094	0.044067
2.997070	0.063751
2.998047	-0.143188
2.999023	0.087219
3.000000	-0.033569
3.000977	0.015076
3.001953	-0.021301
3.002930	0.104034
3.003906	-0.072021
3.004883	0.036346
3.005859	-0.105713
3.006836	0.037750
3.007812	0.159149
3.008789	0.135529
3.009766	0.050934
3.010742	-0.123260
3.011719	-0.040985
3.012695	-0.016388
3.013672	0.027100
3.014648	0.008606
3.015625	-0.027679
3.016602	0.033630
3.017578	0.180939
3.018555	0.212158
3.019531	-0.096191
3.020508	-0.065399
3.021484	0.112030
3.022461	-0.111450
3.023437	-0.004852
3.024414	-0.014648
3.025391	-0.130127
3.026367	-0.109283
3.027344	-0.227692
3.028320	0.015778
3.029297	-0.033142
3.030273	0.009857
3.031250	-0.165527
3.032227	0.030518
3.033203	0.134247
3.034180	0.030426
3.035156	0.052673
3.036133	0.021240
3.037109	0.121277
3.038086	-0.103302
3.039062	-0.056885
3.040039	0.108521
3.041016	-0.147980
3.041992	-0.051361
3.042969	-0.026794
3.043945	0.105042
3.044922	-0.057861
3.045898	0.067902
3.046875	0.090240
3.047852	-0.157410
3.048828	0.063690
3.049805	-0.033020
3.050781	0.027039
3.051758	0.055023
3.052734	-0.174347
3.053711	0.042877
3.054687	0.087311
3.055664	-0.030670
3.056641	-0.047180
3.057617	-0.007599
3.058594	0.039246
3.059570	0.069611
3.060547	-0.008423
3.061523	0.079071
3.062500	-0.172791
3.063477	0.264374
3.064453	-0.044830
3.065430	0.102386
3.066406	0.071533
3.067383	0.123535
3.068359	0.066589
3.069336	-0.019836
3.070312	0.021454
3.071289	-0.062042
3.072266	0.009613
3.073242	-0.149323
3.074219	-0.001068
3.075195	-0.013855
3.076172	0.067596
3.077148	-0.028870
3.078125	-0.189636
3.079102	-0.132111
3.080078	0.087158
3.081055	-0.019714
3.082031	0.107910
3.083008	0.041168
3.083984	-0.071381
3.084961	0.074738
3.085937	0.021973
3.086914	-0.088440
3.087891	-0.064117
3.088867	0.220398
3.089844	0.008759
3.090820	0.112854
3.091797	0.094116
3.092773	-0.167694
3.093750	0.041199
3.094727	0.028992
3.095703	-0.122864
3.096680	-0.109589
3.097656	-0.063599
3.098633	-0.127777
3.099609	0.052399
3.100586	0.006561
3.101562	0.043549
3.102539	-0.148041
3.103516	-0.107391
3.104492	0.037079
3.105469	0.107544
3.106445	0.050934
3.107422	0.037567
3.108398	-0.169861
3.109375	0.037720
3.110352	0.037354
3.111328	-0.004028
3.112305	0.035095
3.113281	-0.031464
3.114258	0.039154
3.115234	-0.067139
3.116211	0.080658
3.117187	0.032654
3.118164	-0.048859
3.119141	-0.002899
3.120117	0.078613
3.121094	-0.119415
3.122070	0.288422
3.123047	0.011078
3.124023	-0.043549
3.125000	-0.073456
3.125977	-0.076294
3.126953	0.037628
3.127930	-0.060699
3.128906	-0.111084
3.129883	0.045563
3.130859	0.045776
3.131836	0.028870
3.132812	0.044952
3.133789	0.070526
3.134766	0.081573
3.135742	-0.048279
3.136719	0.036957
3.137695	-0.056213
3.138672	0.220642
3.139648	0.090424
3.140625	-0.181274
3.141602	0.126221
3.142578	0.114594
3.143555	0.113495
3.144531	0.194122
3.145508	-0.080933
3.146484	-0.028961
3.147461	-0.001892
3.148437	-0.018707
3.149414	0.129974
3.150391	0.084137
3.151367	0.132355
3.152344	-0.128601
3.153320	0.049316
3.154297	-0.067810
3.155273	0.291016
3.156250	-0.013977
3.157227	-0.025848
3.158203	-0.055511
3.159180	0.130005
3.160156	-0.001678
3.161133	-0.144196
3.162109	-0.058838
3.163086	-0.314728
3.164062	0.018707
3.165039	-0.044342
3.166016	-0.107574
3.166992	-0.134430
3.167969	0.016998
3.168945	0.040039
3.169922	0.122833
3.170898	0.059967
3.171875	-0.045502
3.172852	-0.097900
3.173828	0.280151
3.174805	-0.008240
3.175781	0.013733
3.176758	-0.125305
3.177734	0.109589
3.178711	-0.068298
3.179687	0.116180
3.180664	0.023193
3.181641	-0.038818
3.182617	-0.186951
3.183594	-0.063721
3.184570	0.135590
3.185547	0.130127
3.186523	0.001404
3.187500	0.171295
3.188477	-0.123596
3.189453	0.035004
3.190430	-0.052856
3.191406	0.180634
3.192383	-0.121643
3.193359	0.050751
3.194336	0.091309
3.195312	0.081512
3.196289	-0.128296
3.197266	0.035797
3.198242	-0.220825
3.199219	0.105347
3.200195	0.023590
3.201172	-0.078339
3.202148	-0.033447
3.203125	-0.020905
3.204102	0.097076
3.205078	0.094513
3.206055	0.128662
3.207031	-0.060455
3.208008	-0.107483
3.208984	-0.189728
3.209961	-0.069275
3.210937	-0.064758
3.211914	-0.030579
3.212891	-0.100861
3.213867	0.094788
3.214844	0.009613
3.215820	0.024811
3.216797	0.015930
3.217773	0.061798
3.218750	-0.177948
3.219727	0.050629
3.220703	0.043457
3.221680	0.037903
3.222656	0.063110
3.223633	-0.036591
3.224609	0.157257
3.225586	-0.110962
3.226562	-0.009918
3.227539	-0.114624
3.228516	0.001770
3.229492	-0.033630
3.230469	-0.247498
3.231445	-0.077850
3.232422	-0.061676
3.233398	0.051483
3.234375	-0.019745
3.235352	-0.179138
3.236328	-0.137177
3.237305	-0.069427
3.238281	-0.008057
3.239258	-0.096680
3.240234	0.072479
3.241211	-0.124023
3.242187	-0.154205
3.243164	0.033508
3.244141	0.095337
3.245117	0.111938
3.246094	0.125275
3.247070	0.120209
3.248047	0.202545
3.249023	0.066284
3.250000	0.061127
3.250977	-0.047424
3.251953	-0.023254
3.252930	0.019623
3.253906	-0.078156
3.254883	0.100586
3.255859	0.119171
3.256836	-0.080414
3.257812	0.020691
3.258789	0.026215
3.259766	-0.061798
3.260742	0.007751
3.261719	0.040253
3.262695	-0.026672
3.263672	-0.028046
3.264648	0.180450
3.265625	-0.073792
3.266602	0.102936
3.267578	0.082916
3.268555	-0.006744
3.269531	0.179657
3.270508	-0.018097
3.271484	0.021637
3.272461	-0.031677
3.273437	-0.125031
3.274414	0.012787
3.275391	0.026489
3.276367	0.010986
3.277344	-0.062561
3.278320	-0.097809
3.279297	0.136200
3.280273	0.203064
3.281250	0.145325
3.282227	0.047424
3.283203	0.278015
3.284180	0.153961
3.285156	-0.037842
3.286133	0.022827
3.287109	-0.017456
3.288086	-0.192322
3.289062	0.135834
3.290039	-0.165680
3.291016	-0.108643
3.291992	0.027405
3.292969	-0.022858
3.293945	-0.016602
3.294922	0.023834
3.295898	-0.042694
3.296875	0.152588
3.297852	-0.157074
3.298828	-0.027222
3.299805	0.155792
3.300781	-0.059631
3.301758	0.112457
3.302734	-0.031281
3.303711	0.118866
3.304687	-0.134277
3.305664	-0.035187
3.306641	0.055939
3.307617	-0.100494
3.308594	-0.227295
3.309570	-0.052063
3.310547	0.056305
3.311523	-0.011932
3.312500	0.098053
3.313477	0.105042
3.314453	0.022095
3.315430	-0.042145
3.316406	-0.002716
3.317383	-0.050079
3.318359	-0.011078
3.319336	-0.098175
3.320312	0.028717
3.321289	-0.044098
3.322266	0.084167
3.323242	0.140320
3.324219	0.033813
3.325195	0.005066
3.326172	0.106812
3.327148	0.015930
3.328125	0.089478
3.329102	-0.173157
3.330078	-0.143890
3.331055	-0.069122
3.332031	0.021790
3.333008	0.001709
3.333984	-0.181274
3.334961	0.099518
3.335937	-0.013184
3.336914	0.012268
3.337891	-0.028687
3.338867	0.094330
3.339844	-0.135712
3.340820	0.086273
3.341797	-0.151642
3.342773	-0.007721
3.343750	-0.064270
3.344727	-0.029602
3.345703	0.025085
3.346680	0.173920
3.347656	0.006195
3.348633	0.127319
3.349609	-0.048462
3.350586	-0.049347
3.351562	-0.098816
3.352539	-0.001648
3.353516	-0.011688
3.354492	0.014465
3.355469	-0.002350
3.356445	-0.161102
3.357422	0.007843
3.358398	0.130249
3.359375	0.024200
3.360352	-0.124908
3.361328	-0.085144
3.362305	-0.019287
3.363281	0.115997
3.364258	-0.050812
3.365234	-0.044037
3.366211	-0.102600
3.367187	0.075409
3.368164	-0.031250
3.369141	0.039093
3.370117	0.012756
3.371094	0.051636
3.372070	-0.059662
3.373047	-0.079773
3.374023	0.136749
3.375000	0.019196
3.375977	-0.115295
3.376953	0.033142
3.377930	-0.113373
3.378906	-0.000519
3.379883	-0.113281
3.380859	0.070160
3.381836	0.076202
3.382812	0.181641
3.383789	-0.005585
3.384766	0.013794
3.385742	0.003326
3.386719	0.186127
3.387695	-0.008667
3.388672	-0.058411
3.389648	-0.120422
3.390625	-0.008484
3.391602	-0.012543
3.392578	-0.099335
3.393555	0.138947
3.394531	-0.015076
3.395508	0.096924
3.396484	0.059875
3.397461	-0.030670
3.398437	-0.037781
3.399414	0.046112
3.400391	0.009674
3.401367	0.018799
3.402344	0.144165
3.403320	0.059753
3.404297	-0.134949
3.405273	0.094696
3.406250	-0.270203
3.407227	-0.093903
3.408203	0.027313
3.409180	-0.045715
3.410156	-0.171844
3.411133	0.162354
3.412109	-0.010620
3.413086	-0.049164
3.414062	0.050446
3.415039	-0.098877
3.416016	0.007080
3.416992	-0.024750
3.417969	0.038269
3.418945	0.029266
3.419922	-0.121948
3.420898	0.002777
3.421875	0.014618
3.422852	0.051910
3.423828	0.055969
3.424805	-0.026031
3.425781	0.056946
3.426758	-0.012848
3.427734	-0.011780
3.428711	-0.059753
3.429687	-0.134979
3.430664	0.039276
3.431641	0.013031
3.432617	0.131989
3.433594	-0.030518
3.434570	0.000183
3.435547	0.060394
3.436523	-0.145142
3.437500	-0.079559
3.438477	0.105164
3.439453	-0.082184
3.440430	0.187775
3.441406	0.139496
3.442383	-0.188019
3.443359	-0.023743
3.444336	0.249664
3.445312	0.026306
3.446289	0.074402
3.447266	-0.219299
3.448242	0.106506
3.449219	-0.237030
3.450195	-0.013977
3.451172	0.078033
3.452148	0.031982
3.453125	0.083618
3.454102	-0.084534
3.455078	0.062683
3.456055	0.060150
3.457031	-0.118500
3.458008	-0.092865
3.458984	-0.030518
3.459961	0.127899
3.460937	-0.027283
3.461914	-0.050842
3.462891	0.021576
3.463867	-0.033875
3.464844	-0.274261
3.465820	0.116638
3.466797	-0.196564
3.467773	0.108429
3.468750	0.098938
3.469727	0.120148
3.470703	0.023621
3.471680	0.068024
3.472656	-0.057922
3.473633	-0.059845
3.474609	0.118469
3.475586	-0.101837
3.476562	0.016357
3.477539	-0.199493
3.478516	-0.234955
3.479492	0.005920
3.480469	-0.053741
3.481445	-0.135376
3.482422	-0.048370
3.483398	0.018311
3.484375	0.019745
3.485352	-0.013763
3.486328	-0.125732
3.487305	0.172516
3.488281	-0.103729
3.489258	0.136078
3.490234	-0.177704
3.491211	0.114380
3.492187	0.009155
3.493164	-0.031982
3.494141	0.059814
3.495117	-0.009613
3.496094	-0.056122
3.497070	0.067993
3.498047	0.003357
3.499023	0.129669
3.500000	0.082001
3.500977	0.113281
3.501953	-0.082703
3.502930	-0.117920
3.503906	-0.041199
3.504883	0.039917
3.505859	0.082336
3.506836	-0.070007
3.507812	0.082703
3.508789	-0.032715
3.509766	-0.135101
3.510742	-0.103363
3.511719	-0.027710
3.512695	0.109894
3.513672	-0.099670
3.514648	0.112213
3.515625	-0.191345
3.516602	-0.188110
3.517578	0.016174
3.518555	0.039368
3.519531	-0.150848
3.520508	-0.026459
3.521484	0.113922
3.522461	-0.182404
3.523437	0.093475
3.524414	0.010071
3.525391	-0.076202
3.526367	0.082428
3.527344	-0.117310
3.528320	0.072693
3.529297	-0.092499
3.530273	-0.026611
3.531250	-0.059906
3.532227	0.014801
3.533203	-0.110260
3.534180	0.038910
3.535156	-0.101288
3.536133	-0.238281
3.537109	0.062195
3.538086	0.014465
3.539062	0.111267
3.540039	-0.008942
3.541016	-0.016998
3.541992	0.057098
3.542969	0.037689
3.543945	-0.085083
3.544922	-0.008667
3.545898	0.048523
3.546875	-0.021759
3.547852	0.142883
3.548828	0.038605
3.549805	-0.035339
3.550781	-0.032227
3.551758	0.111053
3.552734	-0.106812
3.553711	0.113647
3.554687	0.021545
3.555664	0.085449
3.556641	-0.194366
3.557617	0.004059
3.558594	0.048828
3.559570	0.066223
3.560547	-0.121033
3.561523	-0.098694
3.562500	-0.136322
3.563477	-0.011627
3.564453	-0.035492
3.565430	0.185425
3.566406	0.204620
3.567383	0.107086
3.568359	-0.036224
3.569336	0.062805
3.570312	0.137787
3.571289	-0.125824
3.572266	-0.130493
3.573242	0.114655
3.574219	0.212189
3.575195	0.025482
3.576172	0.004730
3.577148	0.013000
3.578125	-0.131256
3.579102	-0.073456
3.580078	-0.108582
3.581055	0.108551
3.582031	-0.000549
3.583008	0.075684
3.583984	-0.003510
3.584961	0.007812
3.585937	-0.052185
3.586914	0.065399
3.587891	0.003448
3.588867	-0.185028
3.589844	0.182922
3.590820	-0.081360
3.591797	0.117889
3.592773	-0.078583
3.593750	-0.129089
3.594727	0.066132
3.595703	-0.053894
3.596680	0.059814
3.597656	-0.092072
3.598633	0.069824
3.599609	-0.003571
3.600586	-0.072571
3.601562	-0.166046
3.602539	0.201935
3.603516	0.033997
3.604492	0.082764
3.605469	-0.011688
3.606445	0.176361
3.607422	-0.039459
3.608398	-0.027893
3.609375	-0.038818
3.610352	-0.189667
3.611328	0.053680
3.612305	0.080322
3.613281	0.033295
3.614258	-0.024445
3.615234	0.039032
3.616211	-0.098450
3.617187	0.064728
3.618164	-0.020935
3.619141	-0.144989
3.620117	-0.274811
3.621094	0.085876
3.622070	-0.011841
3.623047	0.028046
3.624023	0.024963
3.625000	-0.036072
3.625977	0.149384
3.626953	0.090424
3.627930	0.118958
3.628906	0.096527
3.629883	-0.454834
3.630859	0.063843
3.631836	0.020996
3.632812	-0.056061
3.633789	-0.099365
3.634766	0.020721
3.635742	-0.014954
3.636719	0.035034
3.637695	-0.031433
3.638672	-0.027863
3.639648	-0.087494
3.640625	-0.071655
3.641602	-0.124481
3.642578	-0.069061
3.643555	0.118256
3.644531	0.045227
3.645508	-0.060181
3.646484	-0.020966
3.647461	0.166840
3.648437	-0.051575
3.649414	-0.221558
3.650391	0.059814
3.651367	0.083862
3.652344	-0.036041
3.653320	-0.007111
3.654297	0.012299
3.655273	0.210724
3.656250	-0.148773
3.657227	-0.043854
3.658203	-0.158966
3.659180	0.143707
3.660156	0.030151
3.661133	-0.018127
3.662109	0.258575
3.663086	-0.145081
3.664062	-0.265289
3.665039	-0.003906
3.666016	0.109161
3.666992	-0.020416
3.667969	0.092926
3.668945	0.124573
3.669922	0.170044
3.670898	0.024384
3.671875	0.142365
3.672852	-0.135742
3.673828	0.013184
3.674805	-0.019623
3.675781	0.026886
3.676758	0.154358
3.677734	-0.012726
3.678711	0.145508
3.679687	-0.167511
3.680664	-0.134125
3.681641	-0.188965
3.682617	-0.010742
3.683594	-0.113800
3.684570	-0.013153
3.685547	0.191681
3.686523	0.010223
3.687500	0.142822
3.688477	0.139130
3.689453	0.192413
3.690430	0.107330
3.691406	-0.097656
3.692383	-0.049622
3.693359	-0.107635
3.694336	0.029358
3.695312	-0.028168
3.696289	0.011719
3.697266	0.052765
3.698242	-0.002228
3.699219	0.015808
3.700195	-0.095093
3.701172	0.139374
3.702148	0.051086
3.703125	0.031830
3.704102	-0.069733
3.705078	0.092255
3.706055	0.104553
3.707031	0.048370
3.708008	-0.170105
3.708984	0.008362
3.709961	-0.040131
3.710937	-0.091034
3.711914	-0.054993
3.712891	0.084839
3.713867	-0.014069
3.714844	-0.056732
3.715820	-0.141327
3.716797	0.075684
3.717773	-0.169830
3.718750	0.041443
3.719727	-0.037231
3.720703	-0.023804
3.721680	-0.093201
3.722656	-0.062500
3.723633	0.073853
3.724609	0.014435
3.725586	-0.085449
3.726562	-0.047150
3.727539	-0.055176
3.728516	0.054138
3.729492	0.018677
3.730469	0.132874
3.731445	-0.145172
3.732422	0.047821
3.733398	-0.063965
3.734375	0.010986
3.735352	0.059937
3.736328	0.104279
3.737305	-0.130737
3.738281	0.101685
3.739258	-0.106781
3.740234	-0.289703
3.741211	-0.179474
3.742187	0.103638
3.743164	-0.052979
3.744141	0.153564
3.745117	0.141663
3.746094	-0.023590
3.747070	0.023926
3.748047	0.074249
3.749023	0.274963
3.750000	0.029144
3.750977	-0.034119
3.751953	-0.044006
3.752930	0.058746
3.753906	0.193634
3.754883	-0.077271
3.755859	0.068451
3.756836	-0.042633
3.757812	-0.061615
3.758789	0.019897
3.759766	0.085602
3.760742	0.031464
3.761719	0.081635
3.762695	-0.121307
3.763672	-0.024963
3.764648	0.138428
3.765625	0.013092
3.766602	0.152130
3.767578	0.007904
3.768555	-0.092926
3.769531	-0.046295
3.770508	0.125061
3.771484	0.205627
3.772461	-0.064758
3.773437	0.052551
3.774414	0.017517
3.775391	0.116089
3.776367	-0.098816
3.777344	0.017212
3.778320	-0.181641
3.779297	-0.026733
3.780273	-0.109863
3.781250	0.071716
3.782227	0.103088
3.783203	0.063049
3.784180	0.029022
3.785156	0.113800
3.786133	-0.036285
3.787109	0.057953
3.788086	-0.071350
3.789062	0.019501
3.790039	-0.044617
3.791016	0.146851
3.791992	-0.120880
3.792969	-0.096588
3.793945	-0.075531
3.794922	0.071503
3.795898	-0.073914
3.796875	0.081757
3.797852	-0.058502
3.798828	0.129150
3.799805	0.043640
3.800781	0.054474
3.801758	-0.070282
3.802734	-0.080383
3.803711	-0.011047
3.804687	-0.073730
3.805664	0.054932
3.806641	0.045868
3.807617	0.019989
3.808594	0.162598
3.809570	0.072266
3.810547	-0.030212
3.811523	0.005768
3.812500	0.105164
3.813477	0.094238
3.814453	-0.094818
3.815430	0.092224
3.816406	-0.187744
3.817383	0.119049
3.818359	-0.021729
3.819336	-0.057892
3.820312	0.103088
3.821289	-0.098999
3.822266	-0.015106
3.823242	-0.082855
3.824219	-0.003296
3.825195	0.076508
3.826172	0.042114
3.827148	0.114655
3.828125	0.114929
3.829102	-0.008301
3.830078	0.067444
3.831055	-0.112061
3.832031	0.155731
3.833008	0.195740
3.833984	0.084930
3.834961	-0.096436
3.835937	0.051025
3.836914	0.080994
3.837891	0.098694
3.838867	-0.217438
3.839844	0.042175
3.840820	-0.040558
3.841797	0.058807
3.842773	-0.011444
3.843750	-0.070648
3.844727	0.093658
3.845703	-0.207275
3.846680	0.043488
3.847656	-0.028137
3.848633	-0.016144
3.849609	0.156433
3.850586	-0.130096
3.851562	0.072449
3.852539	-0.044830
3.853516	0.047546
3.854492	0.040588
3.855469	-0.097809
3.856445	-0.137543
3.857422	0.013000
3.858398	-0.074554
3.859375	-0.102386
3.860352	-0.115875
3.861328	0.183136
3.862305	-0.028870
3.863281	-0.188538
3.864258	0.003601
3.865234	-0.203949
3.866211	0.011261
3.867187	0.040649
3.868164	-0.098999
3.869141	0.276917
3.870117	0.069305
3.871094	-0.128479
3.872070	-0.039917
3.873047	-0.034515
3.874023	-0.145599
3.875000	-0.144623
3.875977	0.250641
3.876953	0.107880
3.877930	0.040253
3.878906	-0.046814
3.879883	-0.017517
3.880859	-0.035706
3.881836	-0.051544
3.882812	0.114471
3.883789	0.027740
3.884766	0.083984
3.885742	-0.101562
3.886719	0.191101
3.887695	0.010559
3.888672	0.081940
3.889648	-0.087708
3.890625	0.024872
3.891602	0.043152
3.892578	-0.135284
3.893555	-0.100311
3.894531	0.090942
3.895508	0.049957
3.896484	0.040649
3.897461	0.057678
3.898437	0.026886
3.899414	0.033661
3.900391	0.073212
3.901367	0.187073
3.902344	0.111389
3.903320	-0.031586
3.904297	0.123505
3.905273	-0.060333
3.906250	-0.129089
3.907227	-0.061798
3.908203	-0.032593
3.909180	0.136414
3.910156	-0.063019
3.911133	0.144714
3.912109	-0.041626
3.913086	-0.100555
3.914062	-0.116394
3.915039	0.091736
3.916016	0.012848
3.916992	0.093994
3.917969	0.028076
3.918945	0.083008
3.919922	0.151703
3.920898	0.001801
3.921875	-0.037659
3.922852	0.019318
3.923828	0.103607
3.924805	-0.100433
3.925781	-0.083374
3.926758	-0.317657
3.927734	0.059265
3.928711	0.167786
3.929687	0.084534
3.930664	-0.199432
3.931641	0.095612
3.932617	-0.103516
3.933594	0.004913
3.934570	0.036163
3.935547	0.066406
3.936523	-0.017395
3.937500	0.079468
3.938477	0.170959
3.939453	-0.006439
3.940430	-0.013641
3.941406	0.061951
3.942383	-0.082977
3.943359	0.102539
3.944336	0.057068
3.945312	-0.150452
3.946289	-0.010620
3.947266	0.011353
3.948242	0.037415
3.949219	0.103729
3.950195	0.117920
3.951172	-0.099365
3.952148	0.136810
3.953125	0.078278
3.954102	0.112762
3.955078	0.256470
3.956055	0.124512
3.957031	-0.022644
3.958008	0.115997
3.958984	-0.150055
3.959961	-0.141998
3.960937	-0.047607
3.961914	-0.047913
3.962891	-0.050079
3.963867	-0.150055
3.964844	0.040039
3.965820	-0.148773
3.966797	-0.031738
3.967773	-0.126678
3.968750	0.015137
3.969727	-0.100739
3.970703	0.135101
3.971680	0.024811
3.972656	0.175385
3.973633	-0.118561
3.974609	0.133606
3.975586	0.072266
3.976562	-0.119080
3.977539	-0.055786
3.978516	0.022919
3.979492	0.032959
3.980469	0.101807
3.981445	-0.131256
3.982422	-0.041290
3.983398	-0.049927
3.984375	-0.012421
3.985352	-0.020416
3.986328	0.018494
3.987305	0.122620
3.988281	-0.103180
3.989258	-0.017212
3.990234	0.141571
3.991211	-0.039856
3.992187	0.028564
3.993164	-0.020355
3.994141	0.030853
3.995117	-0.145905
3.996094	0.078156
3.997070	0.029938
3.998047	0.105713
3.999023	-0.007355
