0.000000	-0.006317
0.000977	0.008728
0.001953	-0.007874
0.002930	-0.013672
0.003906	-0.004547
0.004883	0.007812
0.005859	0.003906
0.006836	-0.007385
0.007812	-0.016846
0.008789	0.009491
0.009766	0.008881
0.010742	0.007111
0.011719	-0.002167
0.012695	-0.006226
0.013672	0.006348
0.014648	0.016357
0.015625	-0.023834
0.016602	0.013519
0.017578	0.012665
0.018555	-0.004120
0.019531	-0.013123
0.020508	-0.002045
0.021484	0.011108
0.022461	-0.009796
0.023437	-0.008392
0.024414	-0.001587
0.025391	-0.020508
0.026367	0.002716
0.027344	-0.012329
0.028320	0.008606
0.029297	-0.000580
0.030273	0.009644
0.031250	0.002838
0.032227	0.005554
0.033203	-0.008606
0.034180	0.001312
0.035156	-0.002594
0.036133	-0.001678
0.037109	-0.006012
0.038086	-0.001160
0.039062	0.002197
0.040039	0.001312
0.041016	0.000885
0.041992	-0.001221
0.042969	-0.020752
0.043945	0.002228
0.044922	-0.003693
0.045898	0.002228
0.046875	-0.006073
0.047852	0.001831
0.048828	-0.023315
0.049805	0.002014
0.050781	0.003387
0.051758	-0.004791
0.052734	-0.005981
0.053711	-0.005585
0.054687	-0.002045
0.055664	-0.001251
0.056641	-0.006256
0.057617	0.013489
0.058594	0.011414
0.059570	-0.005493
0.060547	0.004517
0.061523	-0.002991
0.062500	-0.008942
0.063477	0.000336
0.064453	-0.009308
0.065430	0.002075
0.066406	0.004852
0.067383	-0.009796
0.068359	-0.001434
0.069336	0.011230
0.070312	0.000305
0.071289	0.007507
0.072266	-0.006653
0.073242	-0.005127
0.074219	0.005463
0.075195	0.002502
0.076172	0.022980
0.077148	-0.010498
0.078125	-0.006531
0.079102	-0.002075
0.080078	-0.004669
0.081055	-0.017029
0.082031	-0.018463
0.083008	-0.009644
0.083984	0.003021
0.084961	-0.019287
0.085937	-0.007935
0.086914	0.006012
0.087891	-0.000549
0.088867	-0.002380
0.089844	-0.002899
0.090820	0.006927
0.091797	-0.005646
0.092773	-0.001953
0.093750	-0.006683
0.094727	0.014648
0.095703	-0.006409
0.096680	-0.010986
0.097656	0.003876
0.098633	-0.001495
0.099609	0.002869
0.100586	0.005096
0.101562	0.000397
0.102539	0.007141
0.103516	0.000366
0.104492	0.014343
0.105469	-0.011169
0.106445	0.016022
0.107422	0.006653
0.108398	-0.004700
0.109375	0.000000
0.110352	0.006226
0.111328	0.012146
0.112305	-0.000305
0.113281	0.008881
0.114258	0.012970
0.115234	0.003906
0.116211	-0.001373
0.117187	0.006165
0.118164	-0.000671
0.119141	-0.006042
0.120117	0.001343
0.121094	0.021271
0.122070	0.001617
0.123047	-0.024902
0.124023	0.001617
0.125000	-0.016052
0.125977	-0.013000
0.126953	-0.003021
0.127930	-0.001343
0.128906	-0.001770
0.129883	-0.007935
0.130859	-0.009186
0.131836	0.007202
0.132812	0.019745
0.133789	0.008789
0.134766	-0.015869
0.135742	-0.000397
0.136719	0.009979
0.137695	-0.002167
0.138672	-0.012970
0.139648	-0.015442
0.140625	0.005798
0.141602	-0.004700
0.142578	-0.004791
0.143555	-0.000488
0.144531	0.005890
0.145508	0.015533
0.146484	-0.017548
0.147461	-0.009613
0.148437	-0.008362
0.149414	0.016724
0.150391	0.006897
0.151367	-0.025146
0.152344	-0.015961
0.153320	-0.001923
0.154297	-0.008942
0.155273	0.012024
0.156250	-0.014038
0.157227	0.003174
0.158203	0.010040
0.159180	-0.008057
0.160156	0.002472
0.161133	0.001740
0.162109	-0.023895
0.163086	0.005707
0.164062	0.022583
0.165039	-0.008545
0.166016	3.051758E-5
0.166992	0.006317
0.167969	0.004608
0.168945	-0.017212
0.169922	0.001740
0.170898	-0.002625
0.171875	0.000885
0.172852	-0.018066
0.173828	0.002411
0.174805	-0.008484
0.175781	0.011383
0.176758	0.002258
0.177734	0.005920
0.178711	0.004974
0.179687	-0.013672
0.180664	-0.006012
0.181641	-0.023132
0.182617	0.016632
0.183594	-0.009155
0.184570	-0.000275
0.185547	-0.007965
0.186523	0.010315
0.187500	0.017761
0.188477	0.007874
0.189453	-0.004059
0.190430	0.016083
0.191406	-0.014069
0.192383	-0.002472
0.193359	-0.014618
0.194336	-0.001007
0.195312	-0.016968
0.196289	-0.014008
0.197266	-0.006134
0.198242	-0.001251
0.199219	-0.004456
0.200195	-0.001434
0.201172	0.003174
0.202148	-0.001251
0.203125	-0.000153
0.204102	-0.000793
0.205078	-0.002045
0.206055	-0.000519
0.207031	-0.010651
0.208008	0.012329
0.208984	0.015900
0.209961	0.018341
0.210937	-0.006744
0.211914	0.003815
0.212891	0.003387
0.213867	0.005371
0.214844	-0.002930
0.215820	-0.004791
0.216797	0.017883
0.217773	0.001221
0.218750	0.016998
0.219727	0.008942
0.220703	0.006500
0.221680	0.010773
0.222656	0.003693
0.223633	0.005035
0.224609	-0.002350
0.225586	0.002777
0.226562	0.000549
0.227539	-0.007446
0.228516	-0.003784
0.229492	0.007843
0.230469	0.003448
0.231445	-0.008240
0.232422	-0.000610
0.233398	-0.008270
0.234375	-0.004852
0.235352	-0.011658
0.236328	0.013367
0.237305	0.003021
0.238281	0.001892
0.239258	0.001770
0.240234	-0.019897
0.241211	-0.004883
0.242187	0.008453
0.243164	-0.021973
0.244141	0.003815
0.245117	0.002838
0.246094	0.025757
0.247070	-0.023560
0.248047	-0.002686
0.249023	-0.037018
0.250000	-0.007050
0.250977	0.022522
0.251953	-0.000702
0.252930	-0.005493
0.253906	-0.012817
0.254883	0.002380
0.255859	0.018158
0.256836	-0.003510
0.257812	0.003906
0.258789	-0.000641
0.259766	-0.012207
0.260742	-0.007263
0.261719	0.008667
0.262695	-0.014862
0.263672	0.009277
0.264648	0.001099
0.265625	-0.000641
0.266602	-0.002350
0.267578	0.014526
0.268555	-0.010834
0.269531	0.008545
0.270508	-0.001099
0.271484	-0.010315
0.272461	-0.016083
0.273437	0.002350
0.274414	0.004395
0.275391	-0.008240
0.276367	0.008179
0.277344	-0.002716
0.278320	0.005493
0.279297	-0.003662
0.280273	-0.016571
0.281250	0.006165
0.282227	-0.007019
0.283203	0.011719
0.284180	0.000519
0.285156	-0.004730
0.286133	-0.002014
0.287109	-0.009369
0.288086	0.000183
0.289062	0.004547
0.290039	0.020020
0.291016	-0.000275
0.291992	-0.000214
0.292969	-0.000122
0.293945	-0.027710
0.294922	0.000153
0.295898	-0.009277
0.296875	-0.014893
0.297852	0.014130
0.298828	0.010651
0.299805	0.013855
0.300781	0.008270
0.301758	0.001923
0.302734	-0.000122
0.303711	0.004913
0.304687	0.003235
0.305664	0.002777
0.306641	-0.012238
0.307617	0.003876
0.308594	-0.011566
0.309570	0.001801
0.310547	0.013916
0.311523	0.000946
0.312500	0.002197
0.313477	-0.014557
0.314453	-0.017548
0.315430	0.009827
0.316406	0.001862
0.317383	0.002838
0.318359	0.012421
0.319336	0.009369
0.320312	-0.019012
0.321289	0.003326
0.322266	-0.014160
0.323242	-0.009186
0.324219	-0.012177
0.325195	0.006317
0.326172	-0.007690
0.327148	0.002136
0.328125	0.008728
0.329102	0.003937
0.330078	-0.005890
0.331055	-0.001465
0.332031	-0.014252
0.333008	0.004242
0.333984	0.019470
0.334961	-0.015320
0.335937	0.004150
0.336914	0.001465
0.337891	-0.012848
0.338867	0.001465
0.339844	-0.023041
0.340820	-0.003601
0.341797	-0.008118
0.342773	-0.000885
0.343750	0.009918
0.344727	-0.006653
0.345703	-0.007202
0.346680	0.005127
0.347656	-0.003479
0.348633	0.014862
0.349609	-0.000977
0.350586	0.018280
0.351562	-0.018372
0.352539	-0.000885
0.353516	0.010254
0.354492	-0.000946
0.355469	-0.004089
0.356445	-0.010315
0.357422	-0.010315
0.358398	0.000244
0.359375	-0.001862
0.360352	0.020477
0.361328	-0.002106
0.362305	-0.000458
0.363281	0.005920
0.364258	-0.001343
0.365234	-0.001709
0.366211	-0.004120
0.367187	-0.010010
0.368164	-0.001312
0.369141	-0.010376
0.370117	0.001129
0.371094	-0.011993
0.372070	0.001007
0.373047	-0.004639
0.374023	0.003174
0.375000	0.016296
0.375977	0.004181
0.376953	-0.013763
0.377930	-0.006073
0.378906	-0.003876
0.379883	-0.012573
0.380859	-0.014923
0.381836	0.001221
0.382812	-0.002350
0.383789	-0.001251
0.384766	-0.005402
0.385742	-0.010193
0.386719	0.006378
0.387695	-0.014282
0.388672	0.006836
0.389648	0.013580
0.390625	0.012634
0.391602	-0.009613
0.392578	0.004761
0.393555	0.005981
0.394531	0.000397
0.395508	-0.002625
0.396484	-0.003021
0.397461	-0.004547
0.398437	-0.001373
0.399414	-0.016876
0.400391	-0.014160
0.401367	0.002594
0.402344	0.009949
0.403320	0.003906
0.404297	0.005035
0.405273	0.001923
0.406250	0.002960
0.407227	0.003937
0.408203	0.004730
0.409180	-0.006470
0.410156	-0.006836
0.411133	0.001282
0.412109	-0.007385
0.413086	0.017059
0.414062	0.002594
0.415039	-0.006897
0.416016	-0.010437
0.416992	-0.026215
0.417969	-0.008698
0.418945	-0.007690
0.419922	-0.001129
0.420898	0.013367
0.421875	0.006622
0.422852	-0.003113
0.423828	0.001648
0.424805	0.005188
0.425781	0.005676
0.426758	0.008118
0.427734	-0.003967
0.428711	0.019775
0.429687	-0.008026
0.430664	0.012970
0.431641	-0.000824
0.432617	-0.003448
0.433594	-0.017029
0.434570	0.008301
0.435547	-0.005707
0.436523	-0.018555
0.437500	0.005951
0.438477	0.003571
0.439453	0.010223
0.440430	-0.000549
0.441406	-0.004974
0.442383	-0.015869
0.443359	0.002106
0.444336	0.009094
0.445312	-0.000122
0.446289	-0.006042
0.447266	0.001251
0.448242	0.007629
0.449219	-0.010742
0.450195	-0.006317
0.451172	-0.000732
0.452148	0.017517
0.453125	-0.003174
0.454102	-0.004242
0.455078	-0.014465
0.456055	-0.011475
0.457031	0.010590
0.458008	-0.010132
0.458984	0.011902
0.459961	0.005005
0.460937	0.006042
0.461914	-0.006287
0.462891	0.005646
0.463867	0.011993
0.464844	-0.005707
0.465820	-0.013336
0.466797	0.003448
0.467773	0.002472
0.468750	-0.018646
0.469727	0.013855
0.470703	0.003967
0.471680	-0.009033
0.472656	0.001251
0.473633	0.018280
0.474609	-0.011780
0.475586	0.004059
0.476562	-0.005676
0.477539	-0.004913
0.478516	0.007233
0.479492	0.004333
0.480469	-0.019501
0.481445	-0.000580
0.482422	-0.004303
0.483398	-0.013794
0.484375	0.003662
0.485352	0.004089
0.486328	0.012604
0.487305	0.000397
0.488281	-0.005402
0.489258	0.000702
0.490234	-0.009399
0.491211	0.003082
0.492187	-0.005615
0.493164	-0.000458
0.494141	-0.012299
0.495117	0.009979
0.496094	0.003204
0.497070	0.000214
0.498047	0.006226
0.499023	-0.004395
0.500000	-0.003296
0.500977	0.005554
0.501953	-0.002808
0.502930	-0.009857
0.503906	-0.017426
0.504883	-0.010132
0.505859	-0.003387
0.506836	0.006317
0.507812	0.002533
0.508789	0.004700
0.509766	0.014404
0.510742	-0.002350
0.511719	-0.007507
0.512695	0.009064
0.513672	0.006775
0.514648	0.016663
0.515625	0.004120
0.516602	-0.014526
0.517578	0.008636
0.518555	-0.001190
0.519531	-0.022003
0.520508	-0.011688
0.521484	0.012543
0.522461	0.010071
0.523437	-0.011108
0.524414	0.004456
0.525391	0.004120
0.526367	-0.012054
0.527344	0.005371
0.528320	0.003845
0.529297	-0.001740
0.530273	-0.009583
0.531250	0.004333
0.532227	0.015381
0.533203	0.008026
0.534180	-0.006042
0.535156	-0.003571
0.536133	-0.009369
0.537109	-0.014801
0.538086	0.010712
0.539062	0.004395
0.540039	-0.008453
0.541016	0.003998
0.541992	0.006226
0.542969	0.010223
0.543945	0.012390
0.544922	0.016022
0.545898	-0.018646
0.546875	-0.004272
0.547852	-0.003662
0.548828	0.002197
0.549805	-0.009888
0.550781	0.007050
0.551758	-0.005035
0.552734	0.002747
0.553711	0.007416
0.554687	-0.008301
0.555664	-0.002319
0.556641	-0.002106
0.557617	-0.000580
0.558594	0.010040
0.559570	-0.006805
0.560547	-0.002319
0.561523	-0.016174
0.562500	-0.004547
0.563477	-0.001556
0.564453	-0.004059
0.565430	-0.012329
0.566406	-0.022186
0.567383	-0.011383
0.568359	-0.008087
0.569336	0.007843
0.570312	0.011353
0.571289	0.000671
0.572266	-0.023956
0.573242	-0.013550
0.574219	-0.002136
0.575195	0.007416
0.576172	-0.007019
0.577148	-0.009308
0.578125	0.007965
0.579102	0.001251
0.580078	0.013214
0.581055	0.009338
0.582031	0.000702
0.583008	0.002350
0.583984	0.006165
0.584961	-0.006531
0.585937	-0.001770
0.586914	-0.011078
0.587891	-0.007874
0.588867	0.017181
0.589844	0.000366
0.590820	0.002136
0.591797	0.004486
0.592773	-0.007019
0.593750	0.006470
0.594727	-0.011658
0.595703	-0.003174
0.596680	0.003113
0.597656	-0.014587
0.598633	0.005249
0.599609	0.000305
0.600586	-0.012482
0.601562	-0.004333
0.602539	0.007690
0.603516	0.007751
0.604492	0.021851
0.605469	0.006470
0.606445	0.005157
0.607422	0.010529
0.608398	-0.000305
0.609375	0.009552
0.610352	0.001648
0.611328	-0.007324
0.612305	-0.007843
0.613281	0.008942
0.614258	0.011261
0.615234	0.001434
0.616211	0.008942
0.617187	-0.006805
0.618164	-0.008514
0.619141	0.003082
0.620117	0.012268
0.621094	-0.001953
0.622070	0.004913
0.623047	9.155273E-5
0.624023	0.017487
0.625000	-0.003387
0.625977	-0.009827
0.626953	-0.023895
0.627930	-0.002838
0.628906	0.001221
0.629883	-0.010620
0.630859	0.002197
0.631836	-0.006317
0.632812	0.000793
0.633789	0.012817
0.634766	-0.001221
0.635742	-0.004883
0.636719	0.016907
0.637695	0.009094
0.638672	-0.005463
0.639648	-0.017395
0.640625	-0.000244
0.641602	0.011475
0.642578	0.014008
0.643555	-0.005951
0.644531	-0.012604
0.645508	0.006195
0.646484	0.002472
0.647461	0.004669
0.648437	-0.001221
0.649414	-0.003662
0.650391	-0.020172
0.651367	0.001831
0.652344	0.001709
0.653320	0.020630
0.654297	-0.008820
0.655273	-0.002838
0.656250	0.008179
0.657227	-0.016174
0.658203	-0.004364
0.659180	0.012390
0.660156	0.004608
0.661133	-0.006409
0.662109	0.005737
0.663086	0.013153
0.664062	-0.013062
0.665039	0.013580
0.666016	-0.004578
0.666992	-0.000763
0.667969	-0.008759
0.668945	0.000946
0.669922	0.012939
0.670898	0.017914
0.671875	0.009705
0.672852	0.004974
0.673828	0.007721
0.674805	0.001617
0.675781	0.001129
0.676758	-0.006653
0.677734	0.004059
0.678711	-0.002625
0.679687	-0.012177
0.680664	-0.015717
0.681641	0.015167
0.682617	0.009979
0.683594	-0.000732
0.684570	0.025299
0.685547	-0.003174
0.686523	-0.009888
0.687500	0.010223
0.688477	0.011505
0.689453	-0.016937
0.690430	0.000275
0.691406	0.002594
0.692383	-0.007080
0.693359	-0.021729
0.694336	-0.000122
0.695312	-0.013672
0.696289	-0.008240
0.697266	-0.018433
0.698242	0.000366
0.699219	-0.002289
0.700195	0.021271
0.701172	-0.011261
0.702148	0.015991
0.703125	0.002014
0.704102	0.005341
0.705078	0.014282
0.706055	0.010132
0.707031	-0.007751
0.708008	0.004364
0.708984	0.004913
0.709961	0.005554
0.710937	6.103516E-5
0.711914	0.002594
0.712891	0.001404
0.713867	-0.012054
0.714844	-0.011108
0.715820	-0.008789
0.716797	-0.007477
0.717773	-0.001587
0.718750	0.016571
0.719727	0.004395
0.720703	-0.011414
0.721680	0.008850
0.722656	0.003357
0.723633	0.009460
0.724609	0.006714
0.725586	0.000000
0.726562	-0.013367
0.727539	-0.009033
0.728516	0.006927
0.729492	0.003113
0.730469	0.006134
0.731445	0.000458
0.732422	-0.005188
0.733398	-0.000793
0.734375	0.004242
0.735352	0.025574
0.736328	0.001495
0.737305	0.002808
0.738281	0.002136
0.739258	-0.006775
0.740234	-0.012543
0.741211	0.024536
0.742187	-0.019928
0.743164	0.001953
0.744141	0.002930
0.745117	0.003632
0.746094	0.007874
0.747070	0.012268
0.748047	-0.007629
0.749023	0.015961
0.750000	0.000366
0.750977	0.000305
0.751953	0.004669
0.752930	-0.005859
0.753906	0.000305
0.754883	0.004913
0.755859	0.011444
0.756836	-0.009491
0.757812	-0.013489
0.758789	-0.005920
0.759766	-0.005920
0.760742	0.007385
0.761719	0.000977
0.762695	0.004364
0.763672	-0.017334
0.764648	0.000977
0.765625	0.008453
0.766602	0.004211
0.767578	-0.004028
0.768555	-0.005737
0.769531	-0.007172
0.770508	0.006561
0.771484	0.014740
0.772461	-0.003387
0.773437	0.010376
0.774414	-0.006165
0.775391	0.013855
0.776367	-0.005157
0.777344	0.013947
0.778320	0.016602
0.779297	0.010681
0.780273	0.007202
0.781250	-0.007233
0.782227	-0.011169
0.783203	0.002106
0.784180	0.007172
0.785156	-0.009094
0.786133	0.003448
0.787109	0.017334
0.788086	-0.008545
0.789062	0.002472
0.790039	-0.003998
0.791016	0.016632
0.791992	0.021332
0.792969	0.008362
0.793945	0.005585
0.794922	-0.002136
0.795898	0.002197
0.796875	0.002625
0.797852	0.001343
0.798828	0.011322
0.799805	0.002594
0.800781	-0.006500
0.801758	-0.004486
0.802734	-0.002289
0.803711	0.000458
0.804687	-0.003326
0.805664	-0.010590
0.806641	0.002258
0.807617	-0.017395
0.808594	-0.010651
0.809570	0.002350
0.810547	-0.001160
0.811523	0.001587
0.812500	-0.000549
0.813477	0.001740
0.814453	0.000488
0.815430	-0.005981
0.816406	0.007690
0.817383	-0.001678
0.818359	-0.008850
0.819336	0.014923
0.820312	-0.002319
0.821289	-0.003601
0.822266	-0.008179
0.823242	-0.003906
0.824219	0.011322
0.825195	0.014374
0.826172	-0.014282
0.827148	0.003845
0.828125	-0.003540
0.829102	-0.005005
0.830078	0.022369
0.831055	0.002594
0.832031	0.017548
0.833008	-0.005310
0.833984	0.000793
0.834961	0.006317
0.835937	-0.010559
0.836914	0.027710
0.837891	0.018158
0.838867	0.006073
0.839844	0.016449
0.840820	-0.003937
0.841797	0.006805
0.842773	0.002014
0.843750	-0.004852
0.844727	-0.006226
0.845703	0.001892
0.846680	0.003296
0.847656	0.021545
0.848633	0.007050
0.849609	0.004883
0.850586	0.003815
0.851562	0.000702
0.852539	-0.013885
0.853516	0.004272
0.854492	-0.008392
0.855469	-0.006287
0.856445	-0.009735
0.857422	0.003632
0.858398	-0.006714
0.859375	-0.003326
0.860352	-0.006287
0.861328	-0.002380
0.862305	-0.013092
0.863281	0.013275
0.864258	0.000153
0.865234	-0.011475
0.866211	-0.020782
0.867187	0.004456
0.868164	-0.011963
0.869141	0.006531
0.870117	-0.001526
0.871094	0.000153
0.872070	0.008545
0.873047	0.001099
0.874023	0.002258
0.875000	-0.004730
0.875977	0.005371
0.876953	-0.014587
0.877930	-0.001251
0.878906	0.016235
0.879883	0.018768
0.880859	0.006439
0.881836	0.003174
0.882812	-0.001984
0.883789	-0.007721
0.884766	0.002563
0.885742	-0.008392
0.886719	-0.005005
0.887695	0.014313
0.888672	-0.005341
0.889648	-0.002777
0.890625	-0.003632
0.891602	-0.012177
0.892578	0.001312
0.893555	0.012634
0.894531	0.009491
0.895508	-0.004211
0.896484	-0.010468
0.897461	-0.015900
0.898437	0.005341
0.899414	0.009369
0.900391	-0.007629
0.901367	-0.002563
0.902344	0.000885
0.903320	-0.006653
0.904297	-0.011749
0.905273	-0.007965
0.906250	-0.009521
0.907227	0.002686
0.908203	3.051758E-5
0.909180	-0.000397
0.910156	0.028381
0.911133	0.002655
0.912109	-0.007355
0.913086	0.007568
0.914062	0.007568
0.915039	0.009003
0.916016	-0.009003
0.916992	-0.006104
0.917969	0.021240
0.918945	0.042175
0.919922	-0.002258
0.920898	-0.000916
0.921875	-0.012543
0.922852	0.020264
0.923828	-0.004822
0.924805	-0.011597
0.925781	-0.000183
0.926758	0.006348
0.927734	-0.005951
0.928711	-0.009888
0.929687	-0.001251
0.930664	0.018372
0.931641	-0.017670
0.932617	0.020905
0.933594	-0.011353
0.934570	0.005157
0.935547	-0.001709
0.936523	0.000793
0.937500	-0.006714
0.938477	-0.001984
0.939453	0.004822
0.940430	-0.006470
0.941406	0.012970
0.942383	0.003326
0.943359	0.002350
0.944336	-0.015991
0.945312	0.006042
0.946289	0.004425
0.947266	0.007019
0.948242	-0.003235
0.949219	-0.000153
0.950195	-0.004242
0.951172	0.002502
0.952148	-0.010468
0.953125	0.016876
0.954102	0.001984
0.955078	-0.001404
0.956055	0.003632
0.957031	0.011688
0.958008	0.010162
0.958984	-0.018311
0.959961	0.009399
0.960937	-0.005676
0.961914	-0.022095
0.962891	-0.006622
0.963867	0.003601
0.964844	-0.003571
0.965820	-0.003723
0.966797	-0.002594
0.967773	0.011322
0.968750	-0.003967
0.969727	0.023895
0.970703	0.005432
0.971680	0.002380
0.972656	-0.006927
0.973633	-0.005219
0.974609	0.000854
0.975586	0.012970
0.976562	-0.007172
0.977539	-0.011597
0.978516	-0.006012
0.979492	-0.018860
0.980469	-0.023956
0.981445	-0.004578
0.982422	-0.001678
0.983398	-0.005219
0.984375	0.003326
0.985352	0.031433
0.986328	0.009216
0.987305	-0.001617
0.988281	0.005493
0.989258	-0.004333
0.990234	0.016022
0.991211	0.004944
0.992187	0.006287
0.993164	0.008545
0.994141	-0.007111
0.995117	0.011047
0.996094	0.002075
0.997070	0.007965
0.998047	0.005829
0.999023	0.006744
1.000000	-0.011261
1.000977	-0.002808
1.001953	0.010834
1.002930	-0.013733
1.003906	0.008942
1.004883	-0.005890
1.005859	0.005737
1.006836	0.002625
1.007812	0.010834
1.008789	-0.002655
1.009766	0.003540
1.010742	-0.003540
1.011719	-0.025787
1.012695	0.005402
1.013672	-0.003357
1.014648	0.009003
1.015625	0.002594
1.016602	-0.016602
1.017578	-0.007538
1.018555	-0.001160
1.019531	0.001923
1.020508	0.008514
1.021484	-0.013947
1.022461	0.013794
1.023437	0.010925
1.024414	-0.007233
1.025391	-0.011139
1.026367	-0.013062
1.027344	0.001923
1.028320	0.005737
1.029297	-0.000305
1.030273	-0.002228
1.031250	0.002289
1.032227	0.007721
1.033203	0.008942
1.034180	0.010529
1.035156	0.001282
1.036133	-0.016602
1.037109	-0.008698
1.038086	0.015564
1.039062	-0.005615
1.040039	0.004425
1.041016	0.000336
1.041992	0.001984
1.042969	0.000793
1.043945	-0.014954
1.044922	-0.000763
1.045898	0.003021
1.046875	0.008331
1.047852	-0.008301
1.048828	0.015686
1.049805	0.017242
1.050781	0.014404
1.051758	0.006226
1.052734	0.012146
1.053711	0.009430
1.054687	-0.008942
1.055664	-0.006561
1.056641	-0.011902
1.057617	-0.002563
1.058594	-0.007202
1.059570	0.008423
1.060547	0.009033
1.061523	0.005676
1.062500	-0.004608
1.063477	-0.007111
1.064453	0.001709
1.065430	-0.003784
1.066406	-0.015198
1.067383	0.003113
1.068359	-0.005310
1.069336	-0.002228
1.070312	-0.016022
1.071289	0.004059
1.072266	-0.001099
1.073242	0.008698
1.074219	0.000732
1.075195	-0.005188
1.076172	0.001587
1.077148	0.007050
1.078125	0.005981
1.079102	-0.018677
1.080078	-0.002472
1.081055	-0.001526
1.082031	0.004944
1.083008	0.003235
1.083984	-0.007141
1.084961	-0.004822
1.085937	0.000275
1.086914	-0.006256
1.087891	0.013275
1.088867	-0.002319
1.089844	0.009338
1.090820	0.015625
1.091797	-0.004181
1.092773	0.016571
1.093750	-0.003845
1.094727	0.017334
1.095703	0.012115
1.096680	0.001648
1.097656	-0.002045
1.098633	0.023041
1.099609	0.003784
1.100586	-0.003662
1.101562	-0.024872
1.102539	0.007843
1.103516	0.004547
1.104492	0.012787
1.105469	0.011719
1.106445	0.006531
1.107422	0.006775
1.108398	-0.004669
1.109375	0.013336
1.110352	0.003387
1.111328	0.000214
1.112305	0.010437
1.113281	-0.001587
1.114258	-0.021667
1.115234	-0.018311
1.116211	0.008148
1.117187	-0.013855
1.118164	-0.012207
1.119141	-0.005188
1.120117	-0.005127
1.121094	0.003235
1.122070	-0.004791
1.123047	-0.008789
1.124023	-0.010010
1.125000	-0.005524
1.125977	0.003784
1.126953	3.051758E-5
1.127930	0.007446
1.128906	-0.006287
1.129883	-0.009491
1.130859	0.011963
1.131836	-0.005219
1.132812	0.002411
1.133789	0.021576
1.134766	0.004486
1.135742	0.010834
1.136719	0.004028
1.137695	-0.000610
1.138672	0.003326
1.139648	-0.010406
1.140625	-0.003967
1.141602	-0.020416
1.142578	0.005524
1.143555	0.003601
1.144531	0.013794
1.145508	-0.003052
1.146484	0.013977
1.147461	0.002411
1.148437	0.000336
1.149414	0.014587
1.150391	0.001648
1.151367	-0.011414
1.152344	-0.001831
1.153320	0.008942
1.154297	-0.002411
1.155273	0.011505
1.156250	0.000549
1.157227	0.010437
1.158203	-0.014069
1.159180	0.000275
1.160156	-0.002075
1.161133	0.006683
1.162109	0.003143
1.163086	0.005310
1.164062	-0.002502
1.165039	-0.013550
1.166016	-0.000610
1.166992	0.005951
1.167969	-0.002960
1.168945	0.001617
1.169922	0.005707
1.170898	-0.004883
1.171875	-0.011658
1.172852	-0.006927
1.173828	0.012451
1.174805	0.000336
1.175781	0.024506
1.176758	0.029175
1.177734	0.015411
1.178711	-0.015747
1.179687	0.021942
1.180664	-0.014008
1.181641	-0.005981
1.182617	0.006592
1.183594	-0.008667
1.184570	-0.002258
1.185547	-0.001923
1.186523	0.017792
1.187500	0.012146
1.188477	0.015869
1.189453	0.011475
1.190430	0.012085
1.191406	0.003876
1.192383	-0.005035
1.193359	-0.022217
1.194336	-0.003418
1.195312	-0.002319
1.196289	-0.010925
1.197266	0.007599
1.198242	-0.018341
1.199219	0.007172
1.200195	-0.012054
1.201172	0.009155
1.202148	0.009979
1.203125	0.008636
1.204102	-0.008331
1.205078	3.051758E-5
1.206055	-0.001801
1.207031	-0.000336
1.208008	0.002197
1.208984	-0.001831
1.209961	0.008270
1.210937	-0.009491
1.211914	0.002594
1.212891	0.003479
1.213867	-3.051758E-5
1.214844	0.022644
1.215820	-0.001740
1.216797	-6.103516E-5
1.217773	-0.000977
1.218750	0.005615
1.219727	-0.009460
1.220703	0.002106
1.221680	-0.001129
1.222656	0.003906
1.223633	0.009705
1.224609	-0.001251
1.225586	-0.024139
1.226562	0.001404
1.227539	-0.004639
1.228516	-0.010925
1.229492	-0.003174
1.230469	-0.010590
1.231445	0.009247
1.232422	-0.017242
1.233398	-0.003540
1.234375	0.013855
1.235352	0.016541
1.236328	-0.007324
1.237305	-0.008942
1.238281	0.005280
1.239258	0.008972
1.240234	0.009094
1.241211	-0.003296
1.242187	0.005157
1.243164	-0.005920
1.244141	0.014374
1.245117	0.001160
1.246094	0.006775
1.247070	-0.003998
1.248047	-0.001312
1.249023	0.001160
1.250000	0.013031
1.250977	0.005951
1.251953	0.000183
1.252930	0.008331
1.253906	-0.014862
1.254883	0.001831
1.255859	0.009308
1.256836	-0.016785
1.257812	-0.009705
1.258789	-0.017975
1.259766	0.007812
1.260742	0.015350
1.261719	-0.011475
1.262695	0.030090
1.263672	-0.015472
1.264648	-0.018097
1.265625	0.015076
1.266602	0.007965
1.267578	-0.024139
1.268555	0.012024
1.269531	-0.020264
1.270508	0.007477
1.271484	0.013214
1.272461	-0.011902
1.273437	-0.000916
1.274414	-0.003876
1.275391	-0.005219
1.276367	-0.006622
1.277344	0.008301
1.278320	0.012451
1.279297	-0.026031
1.280273	-0.006104
1.281250	0.002014
1.282227	0.006439
1.283203	0.003052
1.284180	-0.000549
1.285156	-0.012970
1.286133	0.014069
1.287109	0.004883
1.288086	0.005768
1.289062	-0.012909
1.290039	-0.010010
1.291016	0.015991
1.291992	0.007263
1.292969	-0.011139
1.293945	-0.011108
1.294922	-0.000793
1.295898	-0.002899
1.296875	-0.013824
1.297852	-0.015686
1.298828	0.002930
1.299805	0.009857
1.300781	0.002045
1.301758	0.007202
1.302734	-0.000183
1.303711	-0.003418
1.304687	0.001282
1.305664	0.018982
1.306641	0.001312
1.307617	0.002747
1.308594	-0.000244
1.309570	-0.010101
1.310547	0.019775
1.311523	-0.012909
1.312500	-0.016449
1.313477	-0.000580
1.314453	-0.000153
1.315430	0.021240
1.316406	0.003784
1.317383	0.018402
1.318359	0.016266
1.319336	0.015503
1.320312	0.012299
1.321289	-0.003510
1.322266	0.001495
1.323242	-0.022430
1.324219	-0.009979
1.325195	-0.007507
1.326172	-0.001373
1.327148	0.004211
1.328125	-0.000549
1.329102	-0.008423
1.330078	0.002869
1.331055	0.004822
1.332031	-0.026276
1.333008	0.002136
1.333984	0.003265
1.334961	0.000153
1.335937	0.008789
1.336914	0.013458
1.337891	0.000580
1.338867	0.017212
1.339844	-0.015381
1.340820	0.014557
1.341797	0.010406
1.342773	0.005554
1.343750	0.000916
1.344727	0.010315
1.345703	0.009399
1.346680	-0.000397
1.347656	0.015259
1.348633	0.002106
1.349609	0.007385
1.350586	0.006317
1.351562	0.000122
1.352539	-0.000275
1.353516	0.008606
1.354492	-0.016174
1.355469	0.002136
1.356445	0.015900
1.357422	0.007477
1.358398	0.007233
1.359375	0.008362
1.360352	-0.002045
1.361328	0.014740
1.362305	-0.005554
1.363281	-0.006165
1.364258	-0.005585
1.365234	-0.002319
1.366211	0.008270
1.367187	0.013153
1.368164	-0.014526
1.369141	0.020569
1.370117	-0.012299
1.371094	0.001617
1.372070	0.004425
1.373047	-0.005035
1.374023	0.023560
1.375000	-0.017090
1.375977	-0.003082
1.376953	0.008392
1.377930	0.007996
1.378906	0.002472
1.379883	0.005188
1.380859	-0.009705
1.381836	-0.016174
1.382812	0.008850
1.383789	0.002655
1.384766	0.013428
1.385742	-0.007874
1.386719	-0.000763
1.387695	-0.006409
1.388672	0.006287
1.389648	-0.003479
1.390625	0.004303
1.391602	-0.005676
1.392578	0.015869
1.393555	0.014160
1.394531	-0.004913
1.395508	0.016327
1.396484	-0.003906
1.397461	-0.003601
1.398437	0.015350
1.399414	-0.003662
1.400391	-0.010956
1.401367	-0.012573
1.402344	0.009918
1.403320	0.010406
1.404297	0.001434
1.405273	0.001099
1.406250	-0.006989
1.407227	0.006470
1.408203	0.021637
1.409180	0.002014
1.410156	-0.002655
1.411133	0.015717
1.412109	0.005707
1.413086	-0.007385
1.414062	0.009277
1.415039	-0.003174
1.416016	-0.009735
1.416992	-0.011261
1.417969	-0.010376
1.418945	-0.005066
1.419922	0.021729
1.420898	-0.000488
1.421875	-0.015106
1.422852	0.011261
1.423828	-0.004578
1.424805	-0.021393
1.425781	0.014862
1.426758	-0.002014
1.427734	0.003357
1.428711	-0.004425
1.429687	-0.009979
1.430664	0.001801
1.431641	0.011261
1.432617	-0.004730
1.433594	0.001526
1.434570	0.013092
1.435547	-0.001587
1.436523	-0.006439
1.437500	-0.004211
1.438477	-0.007629
1.439453	-0.005280
1.440430	0.003571
1.441406	-0.004608
1.442383	-0.008698
1.443359	0.009552
1.444336	-0.018890
1.445312	-0.017029
1.446289	0.000977
1.447266	0.007416
1.448242	-0.010193
1.449219	-0.008881
1.450195	0.000732
1.451172	-0.001373
1.452148	0.006042
1.453125	-0.017242
1.454102	0.004364
1.455078	0.002716
1.456055	0.008118
1.457031	-0.000458
1.458008	0.001678
1.458984	0.010712
1.459961	0.024689
1.460937	-0.014221
1.461914	-0.014374
1.462891	0.004822
1.463867	-0.020599
1.464844	0.007996
1.465820	-0.001556
1.466797	-0.002045
1.467773	-0.009857
1.468750	-0.008179
1.469727	0.013062
1.470703	-0.008820
1.471680	0.010406
1.472656	0.017212
1.473633	-0.005890
1.474609	-0.014709
1.475586	0.000458
1.476562	-0.011139
1.477539	0.014221
1.478516	0.002808
1.479492	-0.004486
1.480469	0.004028
1.481445	0.006378
1.482422	-0.003540
1.483398	-0.008514
1.484375	0.001343
1.485352	0.011688
1.486328	-0.000885
1.487305	0.004791
1.488281	-0.003387
1.489258	-0.016815
1.490234	0.006287
1.491211	-0.005463
1.492187	0.006409
1.493164	0.011200
1.494141	0.011475
1.495117	-0.019379
1.496094	-0.002136
1.497070	-0.000977
1.498047	0.006531
1.499023	-0.008453
1.500000	0.012238
1.500977	0.002380
1.501953	0.004822
1.502930	-0.000397
1.503906	0.006134
1.504883	0.005920
1.505859	0.004578
1.506836	0.005188
1.507812	-0.006439
1.508789	-0.001282
1.509766	-0.005432
1.510742	0.007446
1.511719	-0.028900
1.512695	0.008606
1.513672	0.000854
1.514648	0.005127
1.515625	-0.009979
1.516602	0.013885
1.517578	-0.002075
1.518555	0.019958
1.519531	-0.010895
1.520508	-0.003601
1.521484	-0.001312
1.522461	0.002502
1.523437	0.024048
1.524414	-0.002319
1.525391	0.010529
1.526367	0.008667
1.527344	-0.007477
1.528320	-0.011475
1.529297	0.006042
1.530273	0.000183
1.531250	-0.004517
1.532227	-0.000488
1.533203	0.004364
1.534180	0.006683
1.535156	-0.002686
1.536133	-0.001831
1.537109	0.007721
1.538086	-0.008606
1.539062	-0.011475
1.540039	0.004547
1.541016	-0.003296
1.541992	0.005249
1.542969	0.003326
1.543945	0.021729
1.544922	-0.001068
1.545898	-0.015411
1.546875	0.021118
1.547852	0.017212
1.548828	0.015594
1.549805	-0.001343
1.550781	-0.001801
1.551758	-0.005371
1.552734	0.016907
1.553711	-0.000977
1.554687	-0.006226
1.555664	0.011078
1.556641	0.000916
1.557617	-0.009552
1.558594	0.011810
1.559570	-0.015320
1.560547	0.001404
1.561523	0.000641
1.562500	-0.008972
1.563477	-0.006378
1.564453	-0.002258
1.565430	0.004791
1.566406	0.002350
1.567383	0.002472
1.568359	-0.010864
1.569336	0.013214
1.570312	0.018951
1.571289	-0.011047
1.572266	-0.011963
1.573242	-0.005341
1.574219	0.016418
1.575195	-0.001312
1.576172	0.002869
1.577148	0.010620
1.578125	0.000305
1.579102	0.005920
1.580078	0.009369
1.581055	0.002289
1.582031	0.013763
1.583008	0.002960
1.583984	0.017975
1.584961	-0.010223
1.585937	-0.013855
1.586914	-0.012177
1.587891	0.003662
1.588867	-0.014343
1.589844	0.004913
1.590820	0.009491
1.591797	-0.003296
1.592773	0.025665
1.593750	-0.013031
1.594727	0.005981
1.595703	0.010315
1.596680	0.002625
1.597656	-0.012787
1.598633	-0.004303
1.599609	0.007080
1.600586	0.011871
1.601562	-0.011047
1.602539	0.021942
1.603516	-0.008148
1.604492	0.005524
1.605469	0.010162
1.606445	0.018219
1.607422	-0.000824
1.608398	-0.007660
1.609375	-0.016449
1.610352	-0.005798
1.611328	-0.004303
1.612305	-0.018799
1.613281	-0.000397
1.614258	-0.014374
1.615234	0.008728
1.616211	0.020355
1.617187	0.000427
1.618164	-0.015961
1.619141	0.010864
1.620117	0.004181
1.621094	-0.005310
1.622070	0.012939
1.623047	0.008270
1.624023	0.007080
1.625000	0.000671
1.625977	-0.003326
1.626953	-0.000641
1.627930	-0.001282
1.628906	0.002686
1.629883	0.017883
1.630859	-0.009735
1.631836	-0.000305
1.632812	-0.002533
1.633789	-0.019165
1.634766	0.009277
1.635742	-0.011780
1.636719	0.005005
1.637695	0.012939
1.638672	-0.010803
1.639648	0.012756
1.640625	-0.007355
1.641602	0.010223
1.642578	-0.002533
1.643555	-0.012360
1.644531	0.004333
1.645508	-0.004272
1.646484	0.000916
1.647461	-0.009979
1.648437	0.014923
1.649414	-0.018555
1.650391	-0.028412
1.651367	-0.008118
1.652344	-0.005798
1.653320	-0.015503
1.654297	0.005463
1.655273	-0.010834
1.656250	0.006775
1.657227	0.026154
1.658203	0.010284
1.659180	0.000885
1.660156	-0.010529
1.661133	-0.006592
1.662109	-0.010468
1.663086	-0.003540
1.664062	0.004150
1.665039	0.006836
1.666016	-0.018616
1.666992	0.016785
1.667969	-0.001740
1.668945	-0.011536
1.669922	0.002960
1.670898	-0.017914
1.671875	0.004852
1.672852	-0.004852
1.673828	0.004974
1.674805	0.014069
1.675781	0.009674
1.676758	0.010590
1.677734	-0.006042
1.678711	-0.001312
1.679687	0.009521
1.680664	0.001343
1.681641	0.010864
1.682617	-0.003632
1.683594	-0.011719
1.684570	0.006561
1.685547	-0.010895
1.686523	0.001312
1.687500	-0.006531
1.688477	0.005951
1.689453	0.005463
1.690430	0.005646
1.691406	0.009888
1.692383	0.003662
1.693359	-0.009613
1.694336	-0.010925
1.695312	-0.001648
1.696289	-0.011536
1.697266	-0.008575
1.698242	0.015137
1.699219	-0.000397
1.700195	-0.017456
1.701172	-0.010895
1.702148	-0.004395
1.703125	-0.022827
1.704102	-0.003662
1.705078	0.000610
1.706055	-0.002502
1.707031	-0.002380
1.708008	-0.002716
1.708984	0.002014
1.709961	0.003662
1.710937	0.011383
1.711914	-0.014465
1.712891	-0.000854
1.713867	-0.004333
1.714844	0.015472
1.715820	0.015228
1.716797	0.009186
1.717773	-0.005249
1.718750	0.023071
1.719727	0.013336
1.720703	-0.000702
1.721680	0.010071
1.722656	0.005890
1.723633	-0.017517
1.724609	0.002136
1.725586	-0.006012
1.726562	-0.000824
1.727539	0.008087
1.728516	0.011658
1.729492	-0.010834
1.730469	0.002136
1.731445	-0.012787
1.732422	-0.000610
1.733398	0.002594
1.734375	0.004181
1.735352	-0.004791
1.736328	0.002258
1.737305	-0.001801
1.738281	0.009338
1.739258	-0.012787
1.740234	0.001709
1.741211	0.000183
1.742187	-0.014465
1.743164	0.011658
1.744141	-0.016449
1.745117	0.008514
1.746094	0.003479
1.747070	-0.000671
1.748047	0.016907
1.749023	-0.003113
1.750000	-0.001892
1.750977	-0.012115
1.751953	-0.001953
1.752930	-0.011353
1.753906	-0.000336
1.754883	0.011108
1.755859	-0.000427
1.756836	0.010193
1.757812	0.013977
1.758789	-0.001221
1.759766	0.008881
1.760742	0.000549
1.761719	0.004089
1.762695	-0.022064
1.763672	-0.015137
1.764648	-0.001862
1.765625	-0.007538
1.766602	-0.009460
1.767578	-0.005432
1.768555	-0.018494
1.769531	-0.012360
1.770508	0.000214
1.771484	0.010193
1.772461	-0.007416
1.773437	0.002960
1.774414	-0.002289
1.775391	-0.009644
1.776367	-0.008667
1.777344	0.017212
1.778320	-0.005066
1.779297	0.002960
1.780273	-0.001221
1.781250	-0.000946
1.782227	-0.000854
1.783203	0.007904
1.784180	-0.007111
1.785156	0.007385
1.786133	-0.004669
1.787109	-0.003967
1.788086	0.008148
1.789062	-0.009369
1.790039	0.009430
1.791016	-0.012299
1.791992	-0.015442
1.792969	-0.011810
1.793945	0.014740
1.794922	-0.001587
1.795898	0.002869
1.796875	0.003906
1.797852	-0.003601
1.798828	0.000946
1.799805	-0.001190
1.800781	0.014862
1.801758	0.001038
1.802734	0.014374
1.803711	-0.012909
1.804687	-0.006805
1.805664	-0.001465
1.806641	0.004181
1.807617	-0.011688
1.808594	0.007935
1.809570	-0.005280
1.810547	0.007263
1.811523	-0.004547
1.812500	0.006714
1.813477	-0.006287
1.814453	-0.004242
1.815430	0.012939
1.816406	-0.016510
1.817383	-0.011139
1.818359	0.003693
1.819336	-0.022888
1.820312	-0.013489
1.821289	0.003479
1.822266	-0.011292
1.823242	-0.002258
1.824219	-0.002075
1.825195	0.010254
1.826172	-0.004333
1.827148	-0.004852
1.828125	0.015076
1.829102	0.005249
1.830078	-0.004974
1.831055	0.012604
1.832031	0.013580
1.833008	-0.019043
1.833984	0.001862
1.834961	-0.018036
1.835937	0.002350
1.836914	0.004364
1.837891	-0.007843
1.838867	0.006348
1.839844	0.002502
1.840820	0.020081
1.841797	-0.004028
1.842773	0.021973
1.843750	0.008759
1.844727	-0.003845
1.845703	0.009735
1.846680	-0.016541
1.847656	-0.003815
1.848633	-0.014099
1.849609	-0.021606
1.850586	-0.016205
1.851562	0.005524
1.852539	-0.008392
1.853516	0.010620
1.854492	-0.009216
1.855469	0.008759
1.856445	-0.000183
1.857422	-0.018799
1.858398	-0.002686
1.859375	-9.155273E-5
1.860352	-0.003265
1.861328	-0.012756
1.862305	0.012604
1.863281	0.015289
1.864258	-0.000336
1.865234	0.002441
1.866211	0.013458
1.867187	-0.004883
1.868164	-0.007446
1.869141	0.008789
1.870117	-0.013702
1.871094	0.008301
1.872070	-0.004578
1.873047	0.001831
1.874023	0.007446
1.875000	0.019592
1.875977	-0.004089
1.876953	0.012726
1.877930	-0.002563
1.878906	0.003662
1.879883	0.012695
1.880859	-0.012085
1.881836	0.006561
1.882812	0.011261
1.883789	0.010925
1.884766	0.006348
1.885742	0.007843
1.886719	-0.001343
1.887695	0.001129
1.888672	0.006409
1.889648	0.015686
1.890625	0.008972
1.891602	-0.015503
1.892578	-0.007782
1.893555	0.001068
1.894531	0.028839
1.895508	0.001617
1.896484	-0.010071
1.897461	-0.017517
1.898437	-0.003632
1.899414	3.051758E-5
1.900391	0.027374
1.901367	-0.006317
1.902344	-0.007904
1.903320	-0.009521
1.904297	0.017670
1.905273	-0.006012
1.906250	-0.001709
1.907227	-0.005646
1.908203	-0.005585
1.909180	0.008240
1.910156	-0.003723
1.911133	0.009796
1.912109	0.005463
1.913086	-0.002380
1.914062	-0.012665
1.915039	-0.009064
1.916016	0.007446
1.916992	-0.004242
1.917969	0.002472
1.918945	-0.012360
1.919922	0.000458
1.920898	0.005615
1.921875	0.009430
1.922852	0.013306
1.923828	-0.008820
1.924805	-0.008057
1.925781	0.010406
1.926758	-0.013885
1.927734	-0.014130
1.928711	0.005402
1.929687	-0.004120
1.930664	-0.015747
1.931641	-0.000580
1.932617	0.012451
1.933594	-0.012451
1.934570	0.008759
1.935547	-0.009033
1.936523	0.002197
1.937500	0.004059
1.938477	0.001251
1.939453	0.010193
1.940430	0.012848
1.941406	-0.002899
1.942383	-0.008820
1.943359	-0.005585
1.944336	-0.014282
1.945312	-0.012177
1.946289	-0.018982
1.947266	0.007660
1.948242	-0.021118
1.949219	-0.018768
1.950195	-0.009033
1.951172	0.007507
1.952148	0.003113
1.953125	-0.007080
1.954102	0.009888
1.955078	0.002686
1.956055	0.009064
1.957031	0.005981
1.958008	-0.002747
1.958984	0.000519
1.959961	-0.012634
1.960937	-0.001770
1.961914	0.014526
1.962891	0.002289
1.963867	0.006561
1.964844	-0.001923
1.965820	-0.000244
1.966797	-0.014313
1.967773	0.000946
1.968750	0.007690
1.969727	-0.009247
1.970703	0.000397
1.971680	0.006592
1.972656	0.014404
1.973633	0.002991
1.974609	-0.000641
1.975586	-0.005585
1.976562	0.005676
1.977539	-0.011597
1.978516	-0.015656
1.979492	-0.005096
1.980469	-0.010986
1.981445	0.002228
1.982422	-0.004089
1.983398	-0.006348
1.984375	-0.006836
1.985352	0.013397
1.986328	-0.015778
1.987305	0.001129
1.988281	-0.002319
1.989258	-0.010437
1.990234	-0.000763
1.991211	-0.004517
1.992187	-0.014374
1.993164	-0.003357
1.994141	0.006317
1.995117	0.004700
1.996094	-0.007782
1.997070	-0.011688
1.998047	0.001129
1.999023	-0.000610
2.000000	-0.012939
2.000977	0.003998
2.001953	-0.003448
2.002930	-0.028931
2.003906	-0.018524
2.004883	-0.008728
2.005859	0.007080
2.006836	0.009216
2.007812	-0.003632
2.008789	-0.013214
2.009766	-0.010254
2.010742	-0.000214
2.011719	0.000122
2.012695	0.002716
2.013672	-0.004333
2.014648	0.024200
2.015625	-0.008606
2.016602	0.016022
2.017578	-0.005646
2.018555	-0.017731
2.019531	-0.002716
2.020508	-0.002136
2.021484	-0.009064
2.022461	0.024872
2.023437	-0.016083
2.024414	-0.005341
2.025391	-0.014618
2.026367	0.019043
2.027344	0.003204
2.028320	0.008606
2.029297	0.002258
2.030273	0.003876
2.031250	0.007538
2.032227	-0.011230
2.033203	-0.005310
2.034180	0.005005
2.035156	0.005798
2.036133	-0.018799
2.037109	-0.010345
2.038086	-0.010559
2.039062	0.009369
2.040039	0.004181
2.041016	-0.014496
2.041992	-0.020874
2.042969	0.009430
2.043945	-0.005249
2.044922	-0.001587
2.045898	0.005096
2.046875	-0.037537
2.047852	0.006165
2.048828	-0.012939
2.049805	-0.000488
2.050781	-0.002075
2.051758	0.001160
2.052734	-0.010803
2.053711	-0.008057
2.054687	-0.003357
2.055664	0.015900
2.056641	-0.006561
2.057617	-0.003052
2.058594	0.005280
2.059570	0.008057
2.060547	-0.019165
2.061523	0.007324
2.062500	0.001404
2.063477	0.017242
2.064453	-0.021942
2.065430	-0.002960
2.066406	-0.010406
2.067383	0.003296
2.068359	0.004272
2.069336	-0.020233
2.070312	0.001434
2.071289	-0.008911
2.072266	0.002319
2.073242	0.005646
2.074219	-0.013000
2.075195	-0.001587
2.076172	-0.012543
2.077148	-0.001190
2.078125	0.011017
2.079102	-0.003052
2.080078	-0.009064
2.081055	-0.007507
2.082031	0.000793
2.083008	0.000793
2.083984	-0.020447
2.084961	0.014191
2.085937	0.009583
2.086914	-0.004028
2.087891	-0.013794
2.088867	-0.004395
2.089844	0.006775
2.090820	-0.011261
2.091797	-0.000702
2.092773	-0.001709
2.093750	0.003235
2.094727	-0.009125
2.095703	0.003662
2.096680	0.007416
2.097656	-0.005157
2.098633	0.000366
2.099609	-0.004608
2.100586	0.024841
2.101562	-0.004517
2.102539	-0.015930
2.103516	-0.014984
2.104492	-0.011688
2.105469	0.007294
2.106445	-0.013306
2.107422	0.010559
2.108398	0.000702
2.109375	-0.008606
2.110352	-0.000793
2.111328	-0.000824
2.112305	-0.006592
2.113281	-0.006439
2.114258	0.001953
2.115234	0.000336
2.116211	0.004761
2.117187	0.017090
2.118164	0.000854
2.119141	0.004791
2.120117	-0.006958
2.121094	0.002716
2.122070	-0.007843
2.123047	0.007965
2.124023	-0.006256
2.125000	0.000153
2.125977	0.000824
2.126953	-0.004883
2.127930	-0.016479
2.128906	0.012054
2.129883	-0.002563
2.130859	0.002777
2.131836	-0.002411
2.132812	-0.001007
2.133789	-0.006531
2.134766	-0.007965
2.135742	-0.003143
2.136719	0.003632
2.137695	-0.008820
2.138672	0.011353
2.139648	0.010925
2.140625	-0.016083
2.141602	0.009827
2.142578	0.007050
2.143555	0.007263
2.144531	-0.001465
2.145508	0.013611
2.146484	0.007538
2.147461	0.004211
2.148437	0.001404
2.149414	-0.003906
2.150391	-0.006012
2.151367	0.006470
2.152344	0.020996
2.153320	0.006073
2.154297	-0.012177
2.155273	0.003143
2.156250	-0.003601
2.157227	-0.000336
2.158203	0.002655
2.159180	-0.012421
2.160156	0.004333
2.161133	-0.010010
2.162109	-0.006287
2.163086	-0.005310
2.164062	-0.024445
2.165039	-0.009277
2.166016	0.010010
2.166992	0.016449
2.167969	0.011719
2.168945	0.003174
2.169922	0.006104
2.170898	-0.006287
2.171875	0.003113
2.172852	-0.001892
2.173828	-0.000732
2.174805	-0.006622
2.175781	-0.001892
2.176758	0.006927
2.177734	-0.005676
2.178711	0.000824
2.179687	0.002502
2.180664	0.008301
2.181641	-0.012878
2.182617	-0.003662
2.183594	0.001068
2.184570	0.008362
2.185547	-0.001556
2.186523	0.011749
2.187500	0.004913
2.188477	-9.155273E-5
2.189453	0.007080
2.190430	-0.007141
2.191406	-0.006866
2.192383	-0.001556
2.193359	0.002502
2.194336	-0.000610
2.195312	-0.001465
2.196289	-0.003448
2.197266	0.005768
2.198242	9.155273E-5
2.199219	0.006989
2.200195	-0.013611
2.201172	0.002289
2.202148	0.001617
2.203125	0.006714
2.204102	-0.008240
2.205078	0.002441
2.206055	0.010010
2.207031	0.011353
2.208008	0.005585
2.208984	-0.005524
2.209961	-0.012787
2.210937	0.002960
2.211914	0.003174
2.212891	0.018768
2.213867	0.000427
2.214844	-0.008575
2.215820	0.000885
2.216797	0.014465
2.217773	0.001709
2.218750	-0.013824
2.219727	0.002991
2.220703	-0.003418
2.221680	-0.012543
2.222656	-0.010101
2.223633	0.001312
2.224609	0.000732
2.225586	0.002136
2.226562	0.001190
2.227539	0.016846
2.228516	0.009491
2.229492	-0.005768
2.230469	0.001801
2.231445	-0.021545
2.232422	-0.007202
2.233398	0.000305
2.234375	0.007599
2.235352	-0.002075
2.236328	-0.011871
2.237305	-0.005585
2.238281	-0.015839
2.239258	0.002014
2.240234	-0.005249
2.241211	-0.004669
2.242187	-0.003235
2.243164	-0.011627
2.244141	0.014130
2.245117	0.000702
2.246094	0.013062
2.247070	0.003357
2.248047	-0.002563
2.249023	-0.010712
2.250000	-0.005341
2.250977	0.013977
2.251953	0.010101
2.252930	-0.006012
2.253906	-0.007446
2.254883	0.027679
2.255859	-0.007507
2.256836	-0.007904
2.257812	-0.009949
2.258789	-0.001190
2.259766	0.014679
2.260742	-0.000397
2.261719	-0.003418
2.262695	-0.010834
2.263672	0.018646
2.264648	-0.011841
2.265625	0.002289
2.266602	0.001129
2.267578	-0.003601
2.268555	-0.003845
2.269531	0.007324
2.270508	-0.002045
2.271484	-0.008209
2.272461	-0.000885
2.273437	-0.001007
2.274414	-0.008057
2.275391	-0.004578
2.276367	0.013336
2.277344	0.024139
2.278320	-0.009033
2.279297	0.008148
2.280273	0.013062
2.281250	0.005493
2.282227	0.000183
2.283203	-0.024445
2.284180	-0.014313
2.285156	-0.012543
2.286133	-0.014893
2.287109	-0.001953
2.288086	-0.008850
2.289062	-0.005859
2.290039	-0.025970
2.291016	0.003693
2.291992	0.000916
2.292969	0.013885
2.293945	-0.012756
2.294922	0.000732
2.295898	-0.005737
2.296875	-0.002808
2.297852	-0.006134
2.298828	-0.007111
2.299805	-0.010223
2.300781	0.004425
2.301758	-0.002869
2.302734	-0.013794
2.303711	-0.001282
2.304687	-0.010223
2.305664	0.000580
2.306641	0.005402
2.307617	-0.000763
2.308594	0.013611
2.309570	-0.000122
2.310547	0.004272
2.311523	-0.004059
2.312500	-0.012817
2.313477	-0.001282
2.314453	0.005157
2.315430	0.007690
2.316406	0.008575
2.317383	-0.007538
2.318359	0.000397
2.319336	-0.009644
2.320312	-0.017578
2.321289	-0.008850
2.322266	-0.011353
2.323242	0.013397
2.324219	-0.004517
2.325195	0.013367
2.326172	0.015198
2.327148	-0.012848
2.328125	0.004822
2.329102	-0.018524
2.330078	0.010864
2.331055	-0.023041
2.332031	-0.002167
2.333008	-0.001587
2.333984	-0.007141
2.334961	0.019623
2.335937	-0.004852
2.336914	-0.000397
2.337891	0.002930
2.338867	-0.006012
2.339844	0.025848
2.340820	-0.009308
2.341797	-0.004120
2.342773	0.003357
2.343750	0.008606
2.344727	0.013885
2.345703	0.031372
2.346680	0.001862
2.347656	-0.005402
2.348633	0.000580
2.349609	0.005066
2.350586	0.013702
2.351562	0.022095
2.352539	-0.012115
2.353516	0.005859
2.354492	-0.002319
2.355469	-0.009583
2.356445	-0.003632
2.357422	0.003693
2.358398	-0.006378
2.359375	-0.010284
2.360352	-0.006958
2.361328	0.000122
2.362305	-0.009094
2.363281	-0.004211
2.364258	0.003754
2.365234	-0.002380
2.366211	-0.001617
2.367187	-0.008148
2.368164	0.009369
2.369141	0.004700
2.370117	-0.009064
2.371094	-0.002167
2.372070	0.003845
2.373047	0.011536
2.374023	0.003082
2.375000	-0.013306
2.375977	-0.005951
2.376953	-0.012177
2.377930	-0.001678
2.378906	-0.007202
2.379883	-0.005646
2.380859	0.002747
2.381836	0.008484
2.382812	0.015472
2.383789	-0.017212
2.384766	-0.008942
2.385742	0.006470
2.386719	-0.005646
2.387695	-0.014557
2.388672	0.004944
2.389648	-0.004547
2.390625	0.007507
2.391602	0.013611
2.392578	-0.021423
2.393555	0.009979
2.394531	0.005432
2.395508	-0.005920
2.396484	0.002014
2.397461	-0.005157
2.398437	-0.006287
2.399414	-0.016296
2.400391	0.009766
2.401367	0.010101
2.402344	0.004272
2.403320	-0.017548
2.404297	0.012115
2.405273	-0.011993
2.406250	-0.000488
2.407227	-0.004089
2.408203	-0.017212
2.409180	0.009735
2.410156	0.004608
2.411133	0.014709
2.412109	-0.009430
2.413086	-0.001709
2.414062	-0.008453
2.415039	-0.018372
2.416016	-0.004913
2.416992	-0.010162
2.417969	0.015625
2.418945	0.005981
2.419922	0.000885
2.420898	-0.006958
2.421875	-0.008087
2.422852	-0.008575
2.423828	0.001160
2.424805	0.010956
2.425781	-0.002014
2.426758	-0.005554
2.427734	0.006805
2.428711	-0.000122
2.429687	-0.007477
2.430664	0.008362
2.431641	0.002319
2.432617	-0.007324
2.433594	0.014709
2.434570	-0.008118
2.435547	-0.007965
2.436523	0.006775
2.437500	0.009613
2.438477	0.012299
2.439453	0.004791
2.440430	-0.000946
2.441406	-0.001343
2.442383	-0.006470
2.443359	-0.001953
2.444336	-0.004852
2.445312	0.006500
2.446289	0.000854
2.447266	0.005981
2.448242	-0.007111
2.449219	-0.005737
2.450195	0.019897
2.451172	-0.009613
2.452148	-0.004303
2.453125	-0.000275
2.454102	-0.006226
2.455078	0.005035
2.456055	-0.020599
2.457031	-0.002991
2.458008	0.002258
2.458984	-0.008850
2.459961	-0.001373
2.460937	-0.011353
2.461914	-0.000671
2.462891	0.011383
2.463867	0.000824
2.464844	0.011292
2.465820	0.015045
2.466797	0.006500
2.467773	0.002411
2.468750	0.015839
2.469727	0.005951
2.470703	0.009674
2.471680	0.011566
2.472656	0.002228
2.473633	0.003082
2.474609	0.006470
2.475586	0.008026
2.476562	0.009613
2.477539	0.015381
2.478516	0.000610
2.479492	0.010803
2.480469	0.005402
2.481445	0.010559
2.482422	0.006073
2.483398	-0.004181
2.484375	0.010925
2.485352	-0.014648
2.486328	0.013000
2.487305	-0.009766
2.488281	0.010925
2.489258	0.004303
2.490234	-0.010559
2.491211	0.019623
2.492187	-0.007141
2.493164	-0.015747
2.494141	0.002808
2.495117	-0.002136
2.496094	-0.002258
2.497070	-0.012207
2.498047	-0.011261
2.499023	0.014557
2.500000	-0.011963
2.500977	-0.004578
2.501953	-0.010590
2.502930	0.002411
2.503906	-0.011505
2.504883	-0.013275
2.505859	0.015839
2.506836	-6.103516E-5
2.507812	0.008789
2.508789	0.009369
2.509766	-0.026550
2.510742	-0.007629
2.511719	0.000275
2.512695	0.010254
2.513672	-0.010162
2.514648	0.005493
2.515625	0.003632
2.516602	0.002502
2.517578	-0.004761
2.518555	-0.001648
2.519531	0.000244
2.520508	-0.001404
2.521484	0.002197
2.522461	0.004517
2.523437	0.004242
2.524414	0.004578
2.525391	-0.003754
2.526367	0.016541
2.527344	-0.006409
2.528320	0.010986
2.529297	-0.000610
2.530273	-0.007690
2.531250	-0.002930
2.532227	0.008484
2.533203	-0.015259
2.534180	0.013580
2.535156	-0.011444
2.536133	0.001465
2.537109	0.001862
2.538086	0.004395
2.539062	0.006592
2.540039	-0.023102
2.541016	0.001190
2.541992	0.002167
2.542969	-0.004517
2.543945	-0.007080
2.544922	0.012909
2.545898	0.017090
2.546875	-0.008575
2.547852	-0.000977
2.548828	0.008087
2.549805	0.006989
2.550781	0.009644
2.551758	-0.014099
2.552734	0.003082
2.553711	-0.004639
2.554687	0.005066
2.555664	-0.004303
2.556641	-0.006439
2.557617	-0.005554
2.558594	-0.008148
2.559570	0.008087
2.560547	0.007721
2.561523	-0.016052
2.562500	0.007111
2.563477	-0.001648
2.564453	0.002625
2.565430	-0.009521
2.566406	-0.008667
2.567383	0.011993
2.568359	-0.013947
2.569336	0.004669
2.570312	0.007019
2.571289	0.002655
2.572266	0.015076
2.573242	0.008942
2.574219	-0.004639
2.575195	-0.007019
2.576172	0.004303
2.577148	-0.010284
2.578125	0.010101
2.579102	0.014740
2.580078	-0.002625
2.581055	0.011627
2.582031	-0.006989
2.583008	0.005951
2.583984	-0.009613
2.584961	0.002380
2.585937	-0.003326
2.586914	0.007172
2.587891	0.009094
2.588867	-0.015228
2.589844	-0.001038
2.590820	-0.010895
2.591797	0.012817
2.592773	-0.001251
2.593750	-0.018890
2.594727	0.009155
2.595703	-0.002563
2.596680	0.008911
2.597656	0.004822
2.598633	0.010803
2.599609	-0.002594
2.600586	0.000702
2.601562	-0.003052
2.602539	0.008606
2.603516	0.021606
2.604492	-0.006104
2.605469	0.004547
2.606445	0.016846
2.607422	0.009827
2.608398	-0.009094
2.609375	0.004852
2.610352	-0.011993
2.611328	-0.003632
2.612305	-0.006683
2.613281	0.005341
2.614258	0.008942
2.615234	0.002563
2.616211	-0.001709
2.617187	0.006226
2.618164	-0.009766
2.619141	0.014587
2.620117	-0.008514
2.621094	-0.001892
2.622070	-0.000183
2.623047	-0.017517
2.624023	-0.013397
2.625000	0.001190
2.625977	-0.005432
2.626953	0.001923
2.627930	-0.017426
2.628906	0.013184
2.629883	0.004639
2.630859	-0.001343
2.631836	-0.003998
2.632812	0.004150
2.633789	-0.013031
2.634766	-0.013153
2.635742	0.005035
2.636719	0.018951
2.637695	0.016815
2.638672	-0.019318
2.639648	-0.001984
2.640625	0.010193
2.641602	-0.017609
2.642578	-0.010468
2.643555	-0.005798
2.644531	-0.006226
2.645508	0.007385
2.646484	0.012604
2.647461	0.001404
2.648437	-0.013184
2.649414	0.009186
2.650391	-0.002716
2.651367	-0.013000
2.652344	-0.004883
2.653320	0.007660
2.654297	0.008026
2.655273	-0.011108
2.656250	-0.005920
2.657227	-0.004364
2.658203	-0.004272
2.659180	0.006134
2.660156	0.017792
2.661133	-0.004272
2.662109	0.006561
2.663086	-0.013763
2.664062	-0.013245
2.665039	0.004242
2.666016	-0.003662
2.666992	0.002747
2.667969	-0.013336
2.668945	-0.006134
2.669922	0.001038
2.670898	-0.009979
2.671875	-0.005646
2.672852	-0.006409
2.673828	-0.006470
2.674805	0.003815
2.675781	0.013153
2.676758	0.012054
2.677734	0.008575
2.678711	0.016541
2.679687	-0.007019
2.680664	-0.000183
2.681641	0.000671
2.682617	0.001221
2.683594	-0.003906
2.684570	-0.005768
2.685547	-0.002625
2.686523	-0.005920
2.687500	-0.010223
2.688477	-0.003845
2.689453	-0.004059
2.690430	-0.002960
2.691406	-0.001434
2.692383	0.007355
2.693359	0.007263
2.694336	0.011719
2.695312	-0.002655
2.696289	0.006622
2.697266	-0.007812
2.698242	0.006409
2.699219	0.003326
2.700195	0.021271
2.701172	0.014923
2.702148	-0.015900
2.703125	0.007812
2.704102	-0.014526
2.705078	-0.002686
2.706055	-0.003632
2.707031	-0.001251
2.708008	-0.017822
2.708984	-0.017731
2.709961	-0.011505
2.710937	-0.003387
2.711914	-0.010895
2.712891	0.003601
2.713867	0.011108
2.714844	-0.012512
2.715820	-0.008789
2.716797	-0.010895
2.717773	0.006042
2.718750	-0.000488
2.719727	-0.001068
2.720703	0.000732
2.721680	0.020721
2.722656	0.011078
2.723633	0.014008
2.724609	0.000793
2.725586	0.004150
2.726562	-0.000916
2.727539	0.007050
2.728516	0.007019
2.729492	0.002197
2.730469	0.000214
2.731445	-0.014648
2.732422	-0.008240
2.733398	-0.002563
2.734375	0.002136
2.735352	0.014862
2.736328	0.014679
2.737305	0.026062
2.738281	-0.001465
2.739258	0.012512
2.740234	0.000610
2.741211	0.021210
2.742187	-0.011993
2.743164	-0.018463
2.744141	-0.012756
2.745117	0.010864
2.746094	-0.000977
2.747070	0.007080
2.748047	-0.002991
2.749023	0.006622
2.750000	0.009094
2.750977	0.017273
2.751953	-0.024078
2.752930	0.001129
2.753906	0.002563
2.754883	0.005737
2.755859	0.006622
2.756836	-0.004364
2.757812	-0.006287
2.758789	-0.014893
2.759766	-0.003479
2.760742	-0.019714
2.761719	-0.004852
2.762695	-0.012329
2.763672	0.022156
2.764648	-0.006287
2.765625	-0.002167
2.766602	0.005890
2.767578	-0.000854
2.768555	-0.006805
2.769531	0.002686
2.770508	-0.009918
2.771484	-0.012665
2.772461	-0.001648
2.773437	0.000458
2.774414	-0.009491
2.775391	-0.013458
2.776367	0.012848
2.777344	0.007874
2.778320	-0.008575
2.779297	-0.002472
2.780273	-0.001129
2.781250	0.004059
2.782227	0.020142
2.783203	-0.009247
2.784180	0.003784
2.785156	-0.005554
2.786133	-0.001007
2.787109	0.002991
2.788086	0.002838
2.789062	0.006989
2.790039	-0.019257
2.791016	0.018555
2.791992	0.007263
2.792969	0.011627
2.793945	-0.002350
2.794922	-0.005890
2.795898	-0.003845
2.796875	0.012115
2.797852	0.012848
2.798828	0.006683
2.799805	-0.030121
2.800781	-0.014862
2.801758	0.015015
2.802734	-0.013794
2.803711	-0.008789
2.804687	-0.010681
2.805664	-0.001526
2.806641	0.005280
2.807617	0.000885
2.808594	0.003937
2.809570	-0.001129
2.810547	0.006073
2.811523	0.009155
2.812500	0.002441
2.813477	-0.014099
2.814453	-0.004242
2.815430	-0.003876
2.816406	0.012146
2.817383	-0.006531
2.818359	0.002533
2.819336	-0.008453
2.820312	0.010162
2.821289	-0.005890
2.822266	-0.014679
2.823242	0.003937
2.824219	-0.018616
2.825195	-0.001740
2.826172	0.012665
2.827148	0.003510
2.828125	0.003754
2.829102	-0.004700
2.830078	-0.011047
2.831055	0.016479
2.832031	0.001038
2.833008	-0.004272
2.833984	-0.012817
2.834961	-0.018463
2.835937	-0.019348
2.836914	-0.001404
2.837891	0.008667
2.838867	-0.003082
2.839844	-0.005829
2.840820	-0.002899
2.841797	-0.003326
2.842773	-0.003326
2.843750	-0.013031
2.844727	0.011963
2.845703	0.010895
2.846680	-0.001862
2.847656	0.016571
2.848633	0.007721
2.849609	0.011597
2.850586	0.008087
2.851562	0.005402
2.852539	0.014648
2.853516	0.004272
2.854492	0.004242
2.855469	-0.004333
2.856445	0.016174
2.857422	-0.007446
2.858398	0.017914
2.859375	-0.008270
2.860352	0.003906
2.861328	-0.004639
2.862305	0.022552
2.863281	0.002289
2.864258	-0.012573
2.865234	0.004150
2.866211	0.014618
2.867187	-0.012268
2.868164	-0.005432
2.869141	0.008423
2.870117	-0.001587
2.871094	-0.007416
2.872070	0.003204
2.873047	0.000122
2.874023	0.004608
2.875000	-0.010010
2.875977	0.008301
2.876953	0.000427
2.877930	0.013947
2.878906	-0.013672
2.879883	0.000610
2.880859	0.010071
2.881836	-0.008362
2.882812	0.007935
2.883789	0.014526
2.884766	0.005646
2.885742	0.017487
2.886719	0.010193
2.887695	-0.001343
2.888672	-0.003052
2.889648	-0.002228
2.890625	-0.006134
2.891602	-0.003540
2.892578	0.000793
2.893555	-0.009247
2.894531	-0.007935
2.895508	0.008270
2.896484	-0.013519
2.897461	-0.006622
2.898437	-0.000366
2.899414	0.006561
2.900391	0.000427
2.901367	-0.001709
2.902344	-0.009033
2.903320	-0.003204
2.904297	0.005951
2.905273	-0.002014
2.906250	0.015686
2.907227	0.004761
2.908203	0.004211
2.909180	0.000641
2.910156	0.003967
2.911133	0.003723
2.912109	-0.002258
2.913086	-0.002258
2.914062	0.001617
2.915039	-0.001312
2.916016	-0.014862
2.916992	-0.008301
2.917969	0.000000
2.918945	-0.016144
2.919922	0.003571
2.920898	-0.000488
2.921875	0.002350
2.922852	-0.017792
2.923828	-0.002045
2.924805	0.000977
2.925781	0.001099
2.926758	0.002228
2.927734	-0.005219
2.928711	-0.007019
2.929687	0.003693
2.930664	0.004456
2.931641	-0.008484
2.932617	-0.018555
2.933594	-0.004120
2.934570	-0.000580
2.935547	0.002106
2.936523	0.016510
2.937500	0.003082
2.938477	0.001587
2.939453	-0.012695
2.940430	-0.018036
2.941406	0.011688
2.942383	0.013580
2.943359	-0.006744
2.944336	0.009613
2.945312	0.024384
2.946289	0.008331
2.947266	0.005768
2.948242	0.005432
2.949219	-0.017975
2.950195	0.015625
2.951172	-0.002228
2.952148	0.000183
2.953125	0.003418
2.954102	0.007538
2.955078	0.004364
2.956055	0.008698
2.957031	-0.009827
2.958008	0.006683
2.958984	-0.015289
2.959961	-0.021393
2.960937	0.000549
2.961914	0.005066
2.962891	0.005219
2.963867	-0.013458
2.964844	0.006897
2.965820	-0.006561
2.966797	-0.003387
2.967773	0.001709
2.968750	0.007172
2.969727	0.003265
2.970703	-0.001282
2.971680	-0.008972
2.972656	-0.000946
2.973633	0.016693
2.974609	0.012482
2.975586	-0.010681
2.976562	0.002655
2.977539	-0.021881
2.978516	-9.155273E-5
2.979492	-0.006439
2.980469	-0.007538
2.981445	-0.014343
2.982422	0.006439
2.983398	0.005432
2.984375	0.015137
2.985352	-0.013611
2.986328	-0.006409
2.987305	0.012848
2.988281	-0.011383
2.989258	-0.005646
2.990234	-0.017029
2.991211	-0.000946
2.992187	0.011261
2.993164	0.005371
2.994141	0.000366
2.995117	-0.010559
2.996094	-0.009644
2.997070	-0.000916
2.998047	0.017853
2.999023	0.000519
3.000000	-0.012238
3.000977	0.016541
3.001953	-0.007263
3.002930	-0.003815
3.003906	-0.004883
3.004883	-0.005859
3.005859	-0.010742
3.006836	0.010773
3.007812	-0.002014
3.008789	-0.004089
3.009766	-0.014313
3.010742	-0.007843
3.011719	-0.011108
3.012695	0.016663
3.013672	-0.001282
3.014648	0.013947
3.015625	0.001190
3.016602	0.002228
3.017578	-0.001038
3.018555	0.000275
3.019531	-0.003784
3.020508	-0.017609
3.021484	-0.006378
3.022461	0.017883
3.023437	0.014771
3.024414	0.015137
3.025391	-0.009064
3.026367	-0.003204
3.027344	0.009369
3.028320	-0.006622
3.029297	-0.004333
3.030273	-0.007446
3.031250	-0.002014
3.032227	-0.012695
3.033203	0.017273
3.034180	0.007355
3.035156	0.018280
3.036133	-0.000488
3.037109	0.002319
3.038086	0.006409
3.039062	0.017670
3.040039	-0.010468
3.041016	-0.004333
3.041992	0.005402
3.042969	0.012451
3.043945	0.007751
3.044922	-0.000488
3.045898	-0.003265
3.046875	-0.017456
3.047852	-0.007355
3.048828	0.000519
3.049805	0.004852
3.050781	-3.051758E-5
3.051758	0.001678
3.052734	-0.012329
3.053711	-0.006165
3.054687	-0.006195
3.055664	-0.002899
3.056641	0.008759
3.057617	-0.001160
3.058594	0.003113
3.059570	-0.023071
3.060547	0.004486
3.061523	-0.000153
3.062500	0.000885
3.063477	0.008820
3.064453	-0.009796
3.065430	-0.005127
3.066406	-0.002960
3.067383	-0.010437
3.068359	-0.014740
3.069336	0.011017
3.070312	-0.009705
3.071289	0.000153
3.072266	-0.008057
3.073242	-0.004395
3.074219	0.012451
3.075195	0.010559
3.076172	-0.001801
3.077148	0.014221
3.078125	0.016510
3.079102	-0.003357
3.080078	-0.000977
3.081055	0.009583
3.082031	0.001068
3.083008	0.006500
3.083984	-0.004150
3.084961	-0.010254
3.085937	-0.008179
3.086914	-0.000183
3.087891	-0.009827
3.088867	-0.004364
3.089844	-0.016113
3.090820	-0.004883
3.091797	0.025269
3.092773	0.004517
3.093750	0.003723
3.094727	-0.002411
3.095703	-0.015686
3.096680	-0.002411
3.097656	-0.012146
3.098633	-0.012115
3.099609	0.007629
3.100586	-0.021606
3.101562	0.000732
3.102539	-0.011414
3.103516	0.017029
3.104492	0.005341
3.105469	0.001312
3.106445	-0.013794
3.107422	0.005737
3.108398	-0.015167
3.109375	-0.003784
3.110352	0.008911
3.111328	-0.003326
3.112305	0.011322
3.113281	-0.009766
3.114258	0.007477
3.115234	0.010345
3.116211	0.001129
3.117187	0.010773
3.118164	-0.003937
3.119141	-0.014740
3.120117	0.009033
3.121094	0.010956
3.122070	0.001953
3.123047	0.008698
3.124023	-0.005524
3.125000	0.015228
3.125977	-0.006897
3.126953	-0.014069
3.127930	-0.012451
3.128906	0.003113
3.129883	0.008331
3.130859	0.015564
3.131836	-0.016846
3.132812	-0.009918
3.133789	0.003845
3.134766	-0.005066
3.135742	-0.010132
3.136719	-0.008728
3.137695	0.011536
3.138672	-0.000458
3.139648	-0.004700
3.140625	0.009949
3.141602	-0.012482
3.142578	-0.007141
3.143555	-0.000153
3.144531	-0.001038
3.145508	-0.008972
3.146484	0.000427
3.147461	-0.006226
3.148437	0.002594
3.149414	-0.008728
3.150391	0.001190
3.151367	-0.002838
3.152344	-0.002319
3.153320	-0.001709
3.154297	-0.003662
3.155273	-0.007568
3.156250	-0.001770
3.157227	-0.004669
3.158203	-0.006653
3.159180	0.004822
3.160156	-0.016357
3.161133	-0.011414
3.162109	0.008331
3.163086	0.008301
3.164062	0.006958
3.165039	0.013916
3.166016	0.009247
3.166992	0.002197
3.167969	-0.020691
3.168945	0.001404
3.169922	0.000336
3.170898	-0.007782
3.171875	-0.004913
3.172852	-0.003815
3.173828	0.004669
3.174805	-0.023468
3.175781	-0.018280
3.176758	-0.015686
3.177734	0.000702
3.178711	0.011841
3.179687	0.003479
3.180664	0.010162
3.181641	-0.016785
3.182617	0.004150
3.183594	-0.009125
3.184570	0.006897
3.185547	0.001770
3.186523	0.002289
3.187500	0.009613
3.188477	0.002869
3.189453	-0.018951
3.190430	-0.003754
3.191406	-0.005768
3.192383	-0.004852
3.193359	0.003815
3.194336	0.013580
3.195312	-0.002136
3.196289	0.002838
3.197266	-0.007294
3.198242	0.004761
3.199219	0.017609
3.200195	-0.010132
3.201172	0.002014
3.202148	-0.004395
3.203125	0.000580
3.204102	-0.003662
3.205078	-0.001862
3.206055	-0.005280
3.207031	-0.001343
3.208008	0.010071
3.208984	0.003845
3.209961	0.006622
3.210937	-0.003296
3.211914	0.016327
3.212891	0.004364
3.213867	-0.014618
3.214844	-0.008179
3.215820	0.017120
3.216797	0.019501
3.217773	-0.002686
3.218750	0.002228
3.219727	-0.011841
3.220703	0.003876
3.221680	0.002289
3.222656	0.005829
3.223633	-0.012573
3.224609	0.005066
3.225586	0.022949
3.226562	0.004974
3.227539	-0.012451
3.228516	0.009277
3.229492	0.016632
3.230469	-0.017792
3.231445	-0.007294
3.232422	-0.004303
3.233398	0.016418
3.234375	0.012512
3.235352	-0.006317
3.236328	-0.005737
3.237305	-0.008392
3.238281	-0.010803
3.239258	0.000580
3.240234	-0.003540
3.241211	-0.006470
3.242187	0.003967
3.243164	0.009064
3.244141	0.029144
3.245117	0.000793
3.246094	-0.004700
3.247070	0.003845
3.248047	-0.013733
3.249023	0.005219
3.250000	0.002594
3.250977	-0.010468
3.251953	0.007202
3.252930	0.008301
3.253906	0.015747
3.254883	-0.026031
3.255859	-0.002930
3.256836	0.002197
3.257812	-0.015411
3.258789	-0.014954
3.259766	-0.000397
3.260742	-0.014160
3.261719	0.004730
3.262695	-0.004303
3.263672	0.001587
3.264648	0.000641
3.265625	0.004303
3.266602	0.000885
3.267578	0.019623
3.268555	0.001190
3.269531	-0.005219
3.270508	0.000610
3.271484	-0.001556
3.272461	-0.002808
3.273437	0.000458
3.274414	0.006958
3.275391	-0.001434
3.276367	-0.002594
3.277344	0.005585
3.278320	-0.007141
3.279297	0.016022
3.280273	0.009766
3.281250	-0.004547
3.282227	0.006927
3.283203	-0.011993
3.284180	0.016693
3.285156	-0.000977
3.286133	0.010010
3.287109	0.006683
3.288086	-0.007050
3.289062	-0.002747
3.290039	0.010925
3.291016	-0.010681
3.291992	0.026642
3.292969	0.006653
3.293945	-0.019104
3.294922	-0.005188
3.295898	-6.103516E-5
3.296875	0.009918
3.297852	0.014160
3.298828	-0.016174
3.299805	0.005798
3.300781	-0.000519
3.301758	-0.000397
3.302734	0.003632
3.303711	-0.006836
3.304687	-0.000549
3.305664	-0.009033
3.306641	0.002075
3.307617	-0.002350
3.308594	0.008087
3.309570	-0.001343
3.310547	-0.013855
3.311523	0.000427
3.312500	-0.002106
3.313477	-0.002289
3.314453	0.000977
3.315430	0.005798
3.316406	0.003845
3.317383	0.005524
3.318359	0.007782
3.319336	0.002319
3.320312	0.007080
3.321289	0.008423
3.322266	0.003021
3.323242	-0.023102
3.324219	0.003601
3.325195	-0.006256
3.326172	0.009705
3.327148	-0.011200
3.328125	-0.005951
3.329102	0.007965
3.330078	-0.023315
3.331055	-0.009766
3.332031	0.000702
3.333008	0.012024
3.333984	-0.006012
3.334961	-0.003693
3.335937	-0.007141
3.336914	-0.019348
3.337891	0.006714
3.338867	0.005585
3.339844	-0.000580
3.340820	-0.010864
3.341797	-0.012695
3.342773	0.006836
3.343750	0.018585
3.344727	-0.000366
3.345703	-0.002930
3.346680	-0.006195
3.347656	0.009399
3.348633	-0.001343
3.349609	0.000641
3.350586	0.019806
3.351562	-0.015228
3.352539	0.003113
3.353516	-0.003571
3.354492	-0.008759
3.355469	0.014130
3.356445	0.005585
3.357422	0.009277
3.358398	-0.016052
3.359375	0.022156
3.360352	0.006348
3.361328	0.005707
3.362305	0.004028
3.363281	-0.000458
3.364258	-0.004486
3.365234	-0.009583
3.366211	-0.006622
3.367187	-0.006653
3.368164	0.001312
3.369141	0.019592
3.370117	0.011993
3.371094	-0.008850
3.372070	0.014496
3.373047	0.003540
3.374023	0.002625
3.375000	0.002106
3.375977	-0.006378
3.376953	0.003540
3.377930	0.031799
3.378906	0.010498
3.379883	-0.010315
3.380859	0.011841
3.381836	-0.004761
3.382812	0.015472
3.383789	-0.004211
3.384766	0.002350
3.385742	-0.008026
3.386719	-0.014984
3.387695	0.013855
3.388672	-0.013855
3.389648	0.005157
3.390625	0.004639
3.391602	0.002441
3.392578	0.005066
3.393555	-0.002533
3.394531	0.009003
3.395508	0.004303
3.396484	0.010315
3.397461	-0.010132
3.398437	-0.003052
3.399414	0.005524
3.400391	0.007599
3.401367	0.008759
3.402344	0.005646
3.403320	-0.009735
3.404297	0.024506
3.405273	-0.007294
3.406250	-0.012970
3.407227	0.000671
3.408203	0.004517
3.409180	-0.002838
3.410156	0.003571
3.411133	-0.016174
3.412109	0.011414
3.413086	0.014221
3.414062	0.017700
3.415039	-0.007782
3.416016	-0.008179
3.416992	-0.001068
3.417969	-0.016449
3.418945	-0.011932
3.419922	0.016449
3.420898	0.004333
3.421875	-0.006561
3.422852	0.009460
3.423828	-0.004761
3.424805	0.003510
3.425781	-0.011475
3.426758	-0.000427
3.427734	0.008942
3.428711	-0.001556
3.429687	-0.007446
3.430664	0.008636
3.431641	0.007324
3.432617	-0.008362
3.433594	0.009613
3.434570	0.009766
3.435547	0.003326
3.436523	0.005646
3.437500	0.000610
3.438477	0.008453
3.439453	0.016632
3.440430	-0.007904
3.441406	-0.000854
3.442383	0.000488
3.443359	0.018494
3.444336	0.015381
3.445312	0.008667
3.446289	-0.021088
3.447266	-0.005707
3.448242	0.005737
3.449219	-0.003540
3.450195	0.015320
3.451172	-0.006989
3.452148	0.020355
3.453125	-0.015839
3.454102	-0.003876
3.455078	0.012756
3.456055	0.001465
3.457031	0.004425
3.458008	-0.010620
3.458984	0.006317
3.459961	0.001434
3.460937	-0.016846
3.461914	0.003784
3.462891	-0.002960
3.463867	-0.002411
3.464844	0.001892
3.465820	-0.004211
3.466797	-0.002655
3.467773	0.008942
3.468750	0.003906
3.469727	-0.000397
3.470703	0.011230
3.471680	-0.001740
3.472656	0.015900
3.473633	0.010681
3.474609	-0.006409
3.475586	0.002502
3.476562	-0.004852
3.477539	0.004913
3.478516	0.001617
3.479492	0.000824
3.480469	-0.005890
3.481445	-0.014435
3.482422	-0.004852
3.483398	-0.003784
3.484375	-0.020660
3.485352	-0.004303
3.486328	-0.004333
3.487305	-0.003815
3.488281	-0.002869
3.489258	0.014954
3.490234	0.014374
3.491211	-0.002014
3.492187	0.002655
3.493164	0.000977
3.494141	-0.015503
3.495117	0.007629
3.496094	0.005859
3.497070	-0.006836
3.498047	-0.002380
3.499023	-0.022125
3.500000	0.014740
3.500977	-0.006104
3.501953	0.002167
3.502930	-0.000763
3.503906	0.026703
3.504883	0.014099
3.505859	-0.016541
3.506836	-0.009644
3.507812	-0.017639
3.508789	0.013916
3.509766	0.008148
3.510742	-0.012115
3.511719	0.000214
3.512695	-0.000366
3.513672	-0.010803
3.514648	0.006317
3.515625	-0.003418
3.516602	-0.005463
3.517578	-0.006104
3.518555	-0.014130
3.519531	0.014557
3.520508	0.002258
3.521484	0.003784
3.522461	-0.027649
3.523437	-0.002350
3.524414	0.016785
3.525391	6.103516E-5
3.526367	-0.000824
3.527344	0.000763
3.528320	0.002747
3.529297	0.002106
3.530273	-0.007507
3.531250	0.012787
3.532227	0.012299
3.533203	-0.000427
3.534180	-0.011261
3.535156	-0.012695
3.536133	0.005432
3.537109	0.019989
3.538086	-0.006592
3.539062	-0.000671
3.540039	-0.004059
3.541016	0.009460
3.541992	-0.007416
3.542969	0.000000
3.543945	0.007507
3.544922	-0.002686
3.545898	-0.009735
3.546875	-0.003448
3.547852	-0.008118
3.548828	-0.010345
3.549805	-0.009155
3.550781	-0.008209
3.551758	0.008057
3.552734	0.008087
3.553711	0.012451
3.554687	-0.002228
3.555664	0.008728
3.556641	-0.020966
3.557617	0.005585
3.558594	-0.001617
3.559570	-0.002808
3.560547	-0.004456
3.561523	-0.005646
3.562500	-0.000824
3.563477	0.016846
3.564453	-0.019043
3.565430	0.016846
3.566406	0.001862
3.567383	-0.011383
3.568359	0.007172
3.569336	0.002502
3.570312	-0.001770
3.571289	-0.013489
3.572266	-0.000366
3.573242	0.016052
3.574219	-0.008209
3.575195	0.006348
3.576172	-0.002533
3.577148	-0.004578
3.578125	-0.001831
3.579102	0.016602
3.580078	-0.008453
3.581055	-0.006866
3.582031	-0.000702
3.583008	0.006592
3.583984	-0.005432
3.584961	-0.011292
3.585937	-0.013245
3.586914	0.005157
3.587891	-0.000397
3.588867	0.005768
3.589844	-0.009766
3.590820	-0.016815
3.591797	0.007294
3.592773	0.001373
3.593750	0.001099
3.594727	0.002228
3.595703	0.001831
3.596680	0.009247
3.597656	-0.012268
3.598633	-0.003387
3.599609	-0.002960
3.600586	-0.011597
3.601562	-0.007568
3.602539	0.008636
3.603516	0.004944
3.604492	-0.002686
3.605469	-0.000702
3.606445	0.012665
3.607422	-0.007050
3.608398	-0.012756
3.609375	0.003876
3.610352	-0.005615
3.611328	-0.004852
3.612305	-0.012909
3.613281	-0.004822
3.614258	0.005157
3.615234	-0.001343
3.616211	-0.002136
3.617187	0.005127
3.618164	-0.005768
3.619141	-0.012390
3.620117	-0.008667
3.621094	-0.006073
3.622070	-0.016479
3.623047	-0.013947
3.624023	-0.014008
3.625000	-0.005188
3.625977	0.014282
3.626953	0.007050
3.627930	0.006653
3.628906	-0.017120
3.629883	0.013336
3.630859	-0.003998
3.631836	-0.004456
3.632812	0.005615
3.633789	0.004578
3.634766	-0.010651
3.635742	0.007477
3.636719	0.009674
3.637695	0.011993
3.638672	-0.001465
3.639648	0.011292
3.640625	0.007660
3.641602	-0.003204
3.642578	0.016754
3.643555	-0.012543
3.644531	-0.004517
3.645508	-0.007416
3.646484	0.020447
3.647461	-0.012024
3.648437	-0.010010
3.649414	0.008331
3.650391	0.007843
3.651367	-0.005920
3.652344	0.002472
3.653320	0.014191
3.654297	-0.003143
3.655273	-0.007599
3.656250	0.002106
3.657227	-0.007507
3.658203	-0.008057
3.659180	0.002472
3.660156	0.001587
3.661133	0.006042
3.662109	0.013733
3.663086	-0.002167
3.664062	0.001709
3.665039	-0.003326
3.666016	-0.006561
3.666992	0.002899
3.667969	-0.007141
3.668945	0.003632
3.669922	0.012970
3.670898	0.015900
3.671875	0.008850
3.672852	0.003967
3.673828	-0.001251
3.674805	0.006287
3.675781	0.017303
3.676758	-0.019318
3.677734	0.008209
3.678711	-0.009125
3.679687	-0.004333
3.680664	0.002106
3.681641	0.014038
3.682617	0.004181
3.683594	0.005188
3.684570	-0.005859
3.685547	0.010223
3.686523	-0.002625
3.687500	-0.005615
3.688477	-0.000549
3.689453	-0.000488
3.690430	-0.014069
3.691406	0.000885
3.692383	-0.004028
3.693359	-0.004517
3.694336	0.003082
3.695312	0.004761
3.696289	-0.004852
3.697266	-0.001038
3.698242	-0.003082
3.699219	-0.001068
3.700195	0.009979
3.701172	-0.005524
3.702148	-0.003754
3.703125	-0.003265
3.704102	0.006805
3.705078	0.006714
3.706055	-0.011108
3.707031	0.005005
3.708008	-0.013153
3.708984	-0.007843
3.709961	0.006256
3.710937	-0.011292
3.711914	-0.003571
3.712891	-0.001160
3.713867	0.021240
3.714844	-0.002838
3.715820	0.010956
3.716797	0.008026
3.717773	-0.005432
3.718750	0.012512
3.719727	0.000214
3.720703	0.012848
3.721680	-0.006348
3.722656	-0.006439
3.723633	0.004059
3.724609	-0.000885
3.725586	-0.004913
3.726562	0.001099
3.727539	0.016602
3.728516	0.009796
3.729492	-0.001495
3.730469	-0.004913
3.731445	-0.003845
3.732422	0.011505
3.733398	0.004852
3.734375	-0.008057
3.735352	0.021179
3.736328	-0.005341
3.737305	-0.011871
3.738281	0.003143
3.739258	-0.011353
3.740234	-0.000793
3.741211	0.013672
3.742187	-0.000977
3.743164	-0.015930
3.744141	0.005524
3.745117	0.010132
3.746094	-0.006927
3.747070	-0.002960
3.748047	0.006927
3.749023	-0.020081
3.750000	-0.001984
3.750977	-0.010498
3.751953	-0.006165
3.752930	-0.008453
3.753906	0.003082
3.754883	-0.007202
3.755859	-0.013123
3.756836	-0.016785
3.757812	0.000153
3.758789	0.009430
3.759766	-0.004059
3.760742	0.017883
3.761719	-0.001160
3.762695	0.003815
3.763672	-0.005890
3.764648	0.030945
3.765625	-0.010498
3.766602	-0.004028
3.767578	0.007355
3.768555	0.003693
3.769531	-0.000488
3.770508	0.007721
3.771484	0.007050
3.772461	0.010681
3.773437	-0.003174
3.774414	0.004486
3.775391	0.005829
3.776367	-0.000763
3.777344	-0.018829
3.778320	0.003510
3.779297	-0.011169
3.780273	-0.016541
3.781250	-0.002106
3.782227	0.002106
3.783203	0.000336
3.784180	0.016327
3.785156	-0.000244
3.786133	0.006256
3.787109	0.002899
3.788086	0.001465
3.789062	0.007385
3.790039	-0.008606
3.791016	-0.011383
3.791992	0.005524
3.792969	-0.001343
3.793945	-0.007843
3.794922	-0.003845
3.795898	-0.004028
3.796875	-0.003784
3.797852	-0.007416
3.798828	0.008728
3.799805	-0.004700
3.800781	-0.002594
3.801758	0.018402
3.802734	0.013611
3.803711	0.002289
3.804687	0.017242
3.805664	0.019653
3.806641	0.021271
3.807617	-0.013000
3.808594	0.000397
3.809570	0.000397
3.810547	0.004028
3.811523	-0.000366
3.812500	0.008270
3.813477	-0.010651
3.814453	0.001740
3.815430	0.016083
3.816406	0.006775
3.817383	-0.007111
3.818359	0.004639
3.819336	0.010925
3.820312	-0.018127
3.821289	0.001190
3.822266	-0.004517
3.823242	-0.002655
3.824219	0.008545
3.825195	0.005676
3.826172	-0.003052
3.827148	0.015015
3.828125	-0.015472
3.829102	-0.004150
3.830078	-0.001709
3.831055	0.011688
3.832031	0.005676
3.833008	0.010254
3.833984	-0.003174
3.834961	-0.004395
3.835937	-0.019348
3.836914	-0.015503
3.837891	-0.004639
3.838867	0.015869
3.839844	0.004150
3.840820	-0.005768
3.841797	0.017914
3.842773	0.009430
3.843750	-0.001282
3.844727	-0.013489
3.845703	-0.006226
3.846680	0.019104
3.847656	-0.002563
3.848633	-0.003662
3.849609	-0.007202
3.850586	-0.003845
3.851562	-0.018097
3.852539	-0.013367
3.853516	0.005890
3.854492	-0.003784
3.855469	-0.015167
3.856445	-0.026978
3.857422	0.023376
3.858398	0.005951
3.859375	-0.013947
3.860352	0.003448
3.861328	0.017273
3.862305	0.004791
3.863281	0.014709
3.864258	0.013550
3.865234	-0.014038
3.866211	-0.008087
3.867187	-0.003113
3.868164	0.016846
3.869141	-0.006378
3.870117	0.005798
3.871094	0.019287
3.872070	0.001740
3.873047	0.010376
3.874023	0.004730
3.875000	-0.011566
3.875977	-0.003845
3.876953	-0.004822
3.877930	-0.000305
3.878906	-0.002472
3.879883	-0.006165
3.880859	0.001831
3.881836	-0.012573
3.882812	0.007782
3.883789	-0.007233
3.884766	-0.003998
3.885742	0.006409
3.886719	-0.001770
3.887695	-0.003021
3.888672	0.028564
3.889648	-0.002777
3.890625	-0.016693
3.891602	-0.020691
3.892578	-0.003021
3.893555	0.002960
3.894531	-0.005829
3.895508	0.004578
3.896484	-0.001282
3.897461	-0.005371
3.898437	0.003601
3.899414	-0.007233
3.900391	-0.004608
3.901367	-0.013824
3.902344	-0.008667
3.903320	0.016174
3.904297	0.000336
3.905273	0.013428
3.906250	-0.000275
3.907227	0.017670
3.908203	-0.002502
3.909180	0.006836
3.910156	0.005371
3.911133	0.009857
3.912109	0.005798
3.913086	-0.001038
3.914062	0.006195
3.915039	-0.027802
3.916016	0.001587
3.916992	-0.019165
3.917969	-0.001495
3.918945	0.008148
3.919922	0.004181
3.920898	0.008026
3.921875	-0.006409
3.922852	0.006683
3.923828	-0.008331
3.924805	0.001160
3.925781	0.010681
3.926758	9.155273E-5
3.927734	-0.015198
3.928711	-0.025452
3.929687	-0.010590
3.930664	0.000610
3.931641	-0.004974
3.932617	-0.000336
3.933594	-0.024017
3.934570	0.008698
3.935547	-0.012909
3.936523	0.003967
3.937500	-0.002686
3.938477	0.001404
3.939453	0.002289
3.940430	0.002350
3.941406	-0.009674
3.942383	0.002289
3.943359	0.002502
3.944336	-0.010345
3.945312	0.006134
3.946289	0.004395
3.947266	0.011536
3.948242	-0.023560
3.949219	0.008331
3.950195	0.005768
3.951172	-0.013916
3.952148	-0.003784
3.953125	-0.000854
3.954102	0.006134
3.955078	-0.002350
3.956055	-0.010162
3.957031	-0.014252
3.958008	-0.000397
3.958984	-0.010651
3.959961	0.014435
3.960937	0.000427
3.961914	-0.003876
3.962891	0.004364
3.963867	0.015930
3.964844	-0.004456
3.965820	0.008484
3.966797	-0.003693
3.967773	-0.011383
3.968750	-0.006226
3.969727	-0.005737
3.970703	0.001160
3.971680	-0.016876
3.972656	0.009460
3.973633	0.014038
3.974609	0.005280
3.975586	-0.001221
3.976562	-0.021423
3.977539	-0.003510
3.978516	0.006073
3.979492	-0.004669
3.980469	-0.016998
3.981445	0.012054
3.982422	0.006042
3.983398	-0.002197
3.984375	-0.001923
3.985352	-0.011597
3.986328	-0.005707
3.987305	0.007263
3.988281	0.005157
3.989258	0.004822
3.990234	-0.011414
3.991211	0.006226
3.992187	0.002563
3.993164	-0.012299
3.994141	-0.002106
3.995117	0.003754
3.996094	-0.008148
3.997070	0.017365
3.998047	0.003479
3.999023	-0.009216
