0.000000	0.000275
0.000977	0.053497
0.001953	0.134308
0.002930	0.514679
0.003906	0.423798
0.004883	0.088623
0.005859	0.051758
0.006836	-0.561371
0.007812	0.727203
0.008789	0.644012
0.009766	-0.063721
0.010742	-0.405853
0.011719	-0.267883
0.012695	0.686188
0.013672	-0.185822
0.014648	-0.034058
0.015625	-0.059448
0.016602	-0.091980
0.017578	-0.123413
0.018555	-1.000000
0.019531	0.343781
0.020508	-0.403717
0.021484	0.152740
0.022461	-0.842285
0.023437	0.050568
0.024414	-0.060974
0.025391	-0.481781
0.026367	-0.339874
0.027344	-0.248810
0.028320	-0.042877
0.029297	0.146454
0.030273	-0.525116
0.031250	0.176971
0.032227	-0.474274
0.033203	-0.812653
0.034180	-0.254486
0.035156	0.295044
0.036133	-0.352875
0.037109	1.000000
0.038086	-0.487152
0.039062	-0.779175
0.040039	-0.297638
0.041016	0.104248
0.041992	0.491486
0.042969	-0.486572
0.043945	-0.009888
0.044922	0.344299
0.045898	-0.850525
0.046875	1.000000
0.047852	-0.189087
0.048828	-0.108704
0.049805	0.170746
0.050781	-0.164825
0.051758	-0.321167
0.052734	-1.000000
0.053711	-0.011963
0.054687	-0.314514
0.055664	0.073242
0.056641	0.614471
0.057617	1.000000
0.058594	0.073822
0.059570	-0.595062
0.060547	0.608765
0.061523	0.362518
0.062500	0.321014
0.063477	-0.160980
0.064453	1.000000
0.065430	-0.000549
0.066406	-0.217865
0.067383	0.008423
0.068359	0.517822
0.069336	0.494049
0.070312	-0.485016
0.071289	0.601685
0.072266	-0.744385
0.073242	1.000000
0.074219	-0.447205
0.075195	-0.098022
0.076172	0.741241
0.077148	0.531067
0.078125	0.112579
0.079102	-0.328644
0.080078	0.389740
0.081055	0.417725
0.082031	0.604187
0.083008	-0.664520
0.083984	-0.473145
0.084961	0.023499
0.085937	-0.158875
0.086914	0.405487
0.087891	-0.609436
0.088867	0.035004
0.089844	3.051758E-5
0.090820	0.091400
0.091797	0.218445
0.092773	-0.683289
0.093750	-0.203430
0.094727	1.000000
0.095703	0.290161
0.096680	0.786407
0.097656	-0.359802
0.098633	0.244141
0.099609	0.257538
0.100586	0.006104
0.101562	0.018951
0.102539	0.600555
0.103516	0.404419
0.104492	-0.503662
0.105469	-0.072632
0.106445	0.326691
0.107422	0.348663
0.108398	-0.177734
0.109375	0.055908
0.110352	-0.328522
0.111328	-0.014008
0.112305	-0.027527
0.113281	0.628143
0.114258	-0.039276
0.115234	0.205505
0.116211	-0.495667
0.117187	0.290222
0.118164	-0.840576
0.119141	0.548004
0.120117	0.311707
0.121094	-0.493317
0.122070	0.316101
0.123047	-0.389130
0.124023	-0.423920
0.125000	0.518707
0.125977	0.515411
0.126953	-0.627777
0.127930	0.790314
0.128906	-0.384705
0.129883	-0.128265
0.130859	-0.276428
0.131836	0.417786
0.132812	-1.000000
0.133789	-0.213104
0.134766	-0.396729
0.135742	0.159393
0.136719	-0.767639
0.137695	0.562378
0.138672	0.088379
0.139648	-0.185822
0.140625	0.499084
0.141602	0.012756
0.142578	-0.009216
0.143555	-0.499115
0.144531	-0.312469
0.145508	0.131805
0.146484	-0.739502
0.147461	0.158905
0.148437	-0.785156
0.149414	-0.453003
0.150391	0.247986
0.151367	-0.080658
0.152344	0.381317
0.153320	0.622986
0.154297	0.063599
0.155273	0.212372
0.156250	-0.408966
0.157227	0.476837
0.158203	0.330383
0.159180	0.789368
0.160156	-0.335571
0.161133	-0.011749
0.162109	-0.340454
0.163086	0.260956
0.164062	-1.000000
0.165039	0.378632
0.166016	-0.784760
0.166992	-0.535034
0.167969	-0.468475
0.168945	-0.429321
0.169922	-1.000000
0.170898	0.865662
0.171875	-0.277100
0.172852	0.062531
0.173828	-0.514160
0.174805	0.832031
0.175781	0.680756
0.176758	-0.759338
0.177734	-0.031769
0.178711	-0.328430
0.179687	0.728546
0.180664	-0.292084
0.181641	0.657867
0.182617	-0.112671
0.183594	-0.193054
0.184570	0.295654
0.185547	0.321075
0.186523	0.368591
0.187500	-0.444916
0.188477	-0.114197
0.189453	-0.859619
0.190430	0.259247
0.191406	-0.303802
0.192383	0.111664
0.193359	-0.121735
0.194336	0.392303
0.195312	-0.138275
0.196289	-0.036926
0.197266	0.596527
0.198242	-0.126099
0.199219	-0.393311
0.200195	-0.521667
0.201172	0.126953
0.202148	-0.494598
0.203125	-0.551025
0.204102	0.570068
0.205078	0.512360
0.206055	0.865753
0.207031	-0.920654
0.208008	-0.707581
0.208984	-0.300507
0.209961	0.818878
0.210937	0.374817
0.211914	0.110168
0.212891	0.212708
0.213867	0.080719
0.214844	0.745483
0.215820	0.060974
0.216797	0.762756
0.217773	0.821869
0.218750	0.341370
0.219727	-0.996368
0.220703	0.615845
0.221680	0.440399
0.222656	-0.179626
0.223633	-0.031525
0.224609	0.332642
0.225586	-0.902954
0.226562	-0.679169
0.227539	0.095673
0.228516	-0.463806
0.229492	-0.113831
0.230469	-0.275757
0.231445	0.248962
0.232422	0.137421
0.233398	0.209229
0.234375	-0.718994
0.235352	-1.000000
0.236328	-0.541168
0.237305	0.670654
0.238281	-0.027222
0.239258	-0.335602
0.240234	0.650238
0.241211	0.497650
0.242187	0.289764
0.243164	0.061340
0.244141	0.208282
0.245117	0.273254
0.246094	-0.197296
0.247070	-0.582214
0.248047	0.195312
0.249023	0.131714
0.250000	0.439575
0.250977	1.000000
0.251953	0.272949
0.252930	-0.759399
0.253906	0.832428
0.254883	-0.057861
0.255859	0.632355
0.256836	0.143280
0.257812	-0.102173
0.258789	0.021759
0.259766	0.498260
0.260742	-0.310303
0.261719	0.093750
0.262695	0.088104
0.263672	-0.273193
0.264648	0.179108
0.265625	-0.685303
0.266602	0.041840
0.267578	0.818939
0.268555	0.569458
0.269531	1.000000
0.270508	-0.175293
0.271484	-0.180634
0.272461	-0.116608
0.273437	0.866486
0.274414	-0.542694
0.275391	-0.157501
0.276367	-0.081207
0.277344	1.000000
0.278320	0.108978
0.279297	0.220001
0.280273	-0.494476
0.281250	0.197998
0.282227	-0.044037
0.283203	0.460236
0.284180	0.361938
0.285156	-0.012756
0.286133	0.549408
0.287109	0.562622
0.288086	0.206512
0.289062	-0.134827
0.290039	-0.358795
0.291016	-0.079071
0.291992	-0.054504
0.292969	-0.511719
0.293945	-0.692322
0.294922	0.350037
0.295898	-0.446442
0.296875	0.223206
0.297852	-0.238159
0.298828	0.133728
0.299805	-0.304504
0.300781	-0.277405
0.301758	0.235748
0.302734	0.196106
0.303711	0.126404
0.304687	-0.368286
0.305664	0.788605
0.306641	0.266479
0.307617	-0.779175
0.308594	0.623901
0.309570	0.635162
0.310547	0.195068
0.311523	0.015869
0.312500	0.007019
0.313477	0.787933
0.314453	-0.204437
0.315430	-0.438995
0.316406	-0.041016
0.317383	0.042297
0.318359	1.000000
0.319336	0.192291
0.320312	-0.597260
0.321289	0.065552
0.322266	-0.385681
0.323242	0.607941
0.324219	-0.995758
0.325195	-0.435486
0.326172	-0.221741
0.327148	0.392090
0.328125	0.522095
0.329102	0.138184
0.330078	0.475891
0.331055	0.726349
0.332031	-0.998291
0.333008	0.341248
0.333984	-0.404785
0.334961	0.348389
0.335937	-0.610870
0.336914	-0.419800
0.337891	0.224640
0.338867	-0.472137
0.339844	-0.006348
0.340820	1.000000
0.341797	0.215759
0.342773	-0.356628
0.343750	-0.119568
0.344727	-0.160706
0.345703	0.461792
0.346680	0.881775
0.347656	-0.606415
0.348633	0.541962
0.349609	0.204071
0.350586	-0.610565
0.351562	-0.195801
0.352539	-0.134247
0.353516	-0.057739
0.354492	0.115021
0.355469	0.097900
0.356445	-0.397858
0.357422	-0.051422
0.358398	0.189331
0.359375	0.143066
0.360352	0.761017
0.361328	-0.432465
0.362305	0.011475
0.363281	-0.025299
0.364258	-0.059387
0.365234	-0.184662
0.366211	0.196198
0.367187	-0.581757
0.368164	-0.271179
0.369141	0.603485
0.370117	-0.297943
0.371094	-0.518402
0.372070	0.209534
0.373047	-0.739136
0.374023	-0.761963
0.375000	0.346466
0.375977	-0.309875
0.376953	0.136261
0.377930	-0.878235
0.378906	0.053070
0.379883	0.849792
0.380859	-0.332764
0.381836	-0.718964
0.382812	0.214966
0.383789	-0.084564
0.384766	0.049683
0.385742	0.209686
0.386719	-0.220734
0.387695	-0.631714
0.388672	0.276489
0.389648	-0.700989
0.390625	0.209045
0.391602	0.735474
0.392578	-0.684662
0.393555	0.033417
0.394531	0.376831
0.395508	-0.136353
0.396484	-1.000000
0.397461	0.295044
0.398437	0.503815
0.399414	-0.415863
0.400391	-0.911469
0.401367	-0.134369
0.402344	-0.063568
0.403320	-0.246613
0.404297	-0.062958
0.405273	-0.135040
0.406250	0.025574
0.407227	0.305878
0.408203	-0.319366
0.409180	1.000000
0.410156	0.138275
0.411133	0.023071
0.412109	0.927002
0.413086	0.031464
0.414062	0.422424
0.415039	-0.273010
0.416016	-1.000000
0.416992	0.051544
0.417969	-0.143524
0.418945	-0.319794
0.419922	0.393005
0.420898	0.223206
0.421875	0.938416
0.422852	-0.648224
0.423828	0.535126
0.424805	0.737335
0.425781	0.318359
0.426758	-0.287323
0.427734	-0.996643
0.428711	0.300751
0.429687	0.221680
0.430664	-0.257111
0.431641	-0.406250
0.432617	0.734161
0.433594	0.713837
0.434570	-0.030640
0.435547	0.391724
0.436523	0.674805
0.437500	0.219727
0.438477	0.091431
0.439453	0.314728
0.440430	-0.872681
0.441406	-0.776489
0.442383	0.285522
0.443359	-0.342010
0.444336	-0.676971
0.445312	0.512146
0.446289	0.400513
0.447266	-0.313751
0.448242	0.268158
0.449219	-0.019745
0.450195	0.398163
0.451172	-0.206940
0.452148	-0.300293
0.453125	-0.217468
0.454102	0.216888
0.455078	0.103119
0.456055	-0.068512
0.457031	0.832153
0.458008	0.884521
0.458984	-0.078003
0.459961	-0.287048
0.460937	0.035736
0.461914	0.006104
0.462891	-0.258240
0.463867	-0.545776
0.464844	-0.307739
0.465820	-0.830688
0.466797	-0.003967
0.467773	-0.546387
0.468750	0.275146
0.469727	0.088440
0.470703	-0.179718
0.471680	-0.405304
0.472656	0.329498
0.473633	-0.443665
0.474609	-0.000183
0.475586	0.492462
0.476562	-0.316589
0.477539	0.926910
0.478516	-0.620514
0.479492	0.321869
0.480469	0.402039
0.481445	0.623840
0.482422	0.027893
0.483398	0.012177
0.484375	-0.223572
0.485352	-0.020538
0.486328	0.832397
0.487305	0.383331
0.488281	-0.004456
0.489258	-0.478699
0.490234	-0.521210
0.491211	0.369019
0.492187	0.313538
0.493164	-0.078827
0.494141	-0.101349
0.495117	-0.056915
0.496094	-0.364441
0.497070	0.411072
0.498047	-0.262451
0.499023	0.231567
0.500000	-0.264893
0.500977	-0.388489
0.501953	0.510681
0.502930	0.280304
0.503906	0.320587
0.504883	0.758423
0.505859	0.251434
0.506836	0.684204
0.507812	0.137329
0.508789	0.195648
0.509766	-0.047455
0.510742	-0.060486
0.511719	-0.091522
0.512695	-0.681671
0.513672	0.442657
0.514648	-0.050964
0.515625	-0.284760
0.516602	0.289062
0.517578	0.511597
0.518555	0.494934
0.519531	0.583496
0.520508	-0.045197
0.521484	0.385468
0.522461	-0.182404
0.523437	0.295624
0.524414	0.377869
0.525391	0.439850
0.526367	-0.793060
0.527344	-0.132202
0.528320	0.846710
0.529297	0.683441
0.530273	-0.032074
0.531250	-0.465057
0.532227	0.624908
0.533203	-0.599335
0.534180	-0.323059
0.535156	0.256622
0.536133	0.844788
0.537109	-0.324768
0.538086	0.042938
0.539062	-0.687347
0.540039	0.337036
0.541016	-0.213379
0.541992	-0.074921
0.542969	-0.508484
0.543945	-0.350769
0.544922	0.168457
0.545898	0.458038
0.546875	-0.361603
0.547852	-0.290436
0.548828	0.186218
0.549805	-0.204865
0.550781	1.000000
0.551758	0.676483
0.552734	-0.932556
0.553711	-0.162842
0.554687	-0.316498
0.555664	-0.232605
0.556641	-0.121979
0.557617	0.363556
0.558594	-0.493866
0.559570	0.068146
0.560547	-0.238373
0.561523	0.501862
0.562500	0.239044
0.563477	-0.637970
0.564453	-0.663269
0.565430	-0.321228
0.566406	0.048248
0.567383	-0.240814
0.568359	-0.133301
0.569336	-0.451416
0.570312	-0.064117
0.571289	-0.005585
0.572266	0.023193
0.573242	-0.354858
0.574219	0.043091
0.575195	-1.000000
0.576172	-0.285248
0.577148	-0.295044
0.578125	1.000000
0.579102	0.066071
0.580078	-0.533875
0.581055	0.747437
0.582031	-0.087280
0.583008	-0.929321
0.583984	0.981567
0.584961	0.004425
0.585937	-0.553009
0.586914	-0.229736
0.587891	-0.106995
0.588867	-0.401215
0.589844	-0.467651
0.590820	0.693054
0.591797	0.233093
0.592773	-0.306335
0.593750	-0.151123
0.594727	-0.221161
0.595703	0.346375
0.596680	-0.206085
0.597656	0.012848
0.598633	0.321503
0.599609	0.438782
0.600586	-0.056122
0.601562	0.277069
0.602539	0.302582
0.603516	0.151886
0.604492	-0.078674
0.605469	-0.566010
0.606445	-0.490814
0.607422	-0.380188
0.608398	-0.740601
0.609375	0.380737
0.610352	0.037598
0.611328	0.838013
0.612305	-0.678345
0.613281	0.044067
0.614258	-0.248749
0.615234	0.256287
0.616211	-0.186737
0.617187	0.336517
0.618164	-1.000000
0.619141	0.197113
0.620117	0.170380
0.621094	0.261353
0.622070	-0.845367
0.623047	-0.415649
0.624023	0.642212
0.625000	0.187561
0.625977	0.427887
0.626953	0.030426
0.627930	-0.097565
0.628906	-0.041992
0.629883	0.243683
0.630859	-0.599457
0.631836	0.610107
0.632812	0.513641
0.633789	-0.339142
0.634766	-0.027435
0.635742	-0.022095
0.636719	0.684418
0.637695	0.767151
0.638672	-0.156464
0.639648	0.639313
0.640625	0.328033
0.641602	-0.028595
0.642578	-0.459015
0.643555	0.033112
0.644531	0.153381
0.645508	0.470551
0.646484	0.328064
0.647461	-0.441406
0.648437	-0.773926
0.649414	-0.003876
0.650391	0.483063
0.651367	-0.476807
0.652344	-0.415741
0.653320	0.301239
0.654297	0.072266
0.655273	-0.193542
0.656250	0.103088
0.657227	-0.343323
0.658203	-0.084961
0.659180	0.594360
0.660156	-0.085876
0.661133	0.132996
0.662109	0.446350
0.663086	0.462677
0.664062	-0.110443
0.665039	-0.453247
0.666016	0.561188
0.666992	-0.968994
0.667969	0.503143
0.668945	-1.000000
0.669922	0.229340
0.670898	1.000000
0.671875	-0.156006
0.672852	-0.564240
0.673828	0.134094
0.674805	-1.000000
0.675781	0.216278
0.676758	0.009338
0.677734	0.221130
0.678711	0.687805
0.679687	0.272400
0.680664	0.855865
0.681641	0.640503
0.682617	1.000000
0.683594	-0.348633
0.684570	0.080811
0.685547	0.820129
0.686523	-0.411774
0.687500	-0.407471
0.688477	0.298431
0.689453	0.483307
0.690430	-0.906372
0.691406	-0.353882
0.692383	0.366272
0.693359	0.585480
0.694336	-0.056458
0.695312	0.306274
0.696289	-0.009644
0.697266	-0.151276
0.698242	0.427612
0.699219	-0.126312
0.700195	-0.952881
0.701172	0.310516
0.702148	0.685669
0.703125	0.276886
0.704102	0.157227
0.705078	-0.298584
0.706055	-0.100250
0.707031	0.313629
0.708008	0.225555
0.708984	0.517487
0.709961	-0.213013
0.710937	-0.219604
0.711914	-0.306183
0.712891	-0.165497
0.713867	0.828369
0.714844	0.395233
0.715820	0.563538
0.716797	-0.613037
0.717773	0.328033
0.718750	-0.142944
0.719727	-0.354706
0.720703	-0.697479
0.721680	-0.819183
0.722656	-0.115051
0.723633	-0.243988
0.724609	-0.643982
0.725586	0.237518
0.726562	0.434143
0.727539	-0.318024
0.728516	-0.676697
0.729492	0.637543
0.730469	-0.185089
0.731445	-0.608337
0.732422	0.349213
0.733398	-0.003937
0.734375	-0.113373
0.735352	-0.514771
0.736328	0.237854
0.737305	0.331177
0.738281	0.138733
0.739258	0.132904
0.740234	-0.563599
0.741211	-0.450378
0.742187	-0.586060
0.743164	-0.544891
0.744141	-0.971771
0.745117	-0.576324
0.746094	0.678802
0.747070	0.720337
0.748047	0.640625
0.749023	-0.502502
0.750000	-1.000000
0.750977	-0.308014
0.751953	0.185730
0.752930	0.167145
0.753906	-0.632385
0.754883	-0.193848
0.755859	0.203033
0.756836	-0.294342
0.757812	0.261322
0.758789	-1.000000
0.759766	-0.189392
0.760742	0.005188
0.761719	0.020264
0.762695	-0.141327
0.763672	-0.448212
0.764648	-0.586365
0.765625	-0.648437
0.766602	-0.775269
0.767578	-0.045380
0.768555	0.403229
0.769531	-0.435242
0.770508	-0.207947
0.771484	0.461670
0.772461	1.000000
0.773437	-0.275635
0.774414	0.019440
0.775391	0.992218
0.776367	0.193848
0.777344	0.211182
0.778320	0.520996
0.779297	0.064392
0.780273	0.119232
0.781250	0.087463
0.782227	-0.665497
0.783203	-0.508789
0.784180	-0.116119
0.785156	0.628540
0.786133	0.879974
0.787109	-0.260437
0.788086	0.249756
0.789062	-0.471649
0.790039	0.962799
0.791016	0.269501
0.791992	0.843414
0.792969	-0.051208
0.793945	-0.816284
0.794922	1.000000
0.795898	-0.136780
0.796875	-0.412170
0.797852	-0.670013
0.798828	-0.029999
0.799805	0.027283
0.800781	-0.036224
0.801758	-0.039246
0.802734	-1.000000
0.803711	-0.281708
0.804687	-1.000000
0.805664	-0.373505
0.806641	-0.341431
0.807617	-0.180786
0.808594	0.031891
0.809570	0.252167
0.810547	-0.041077
0.811523	0.611725
0.812500	1.000000
0.813477	-0.439819
0.814453	-0.538147
0.815430	0.543701
0.816406	0.257050
0.817383	0.503876
0.818359	0.223389
0.819336	0.273987
0.820312	-0.036835
0.821289	-0.452026
0.822266	-0.111786
0.823242	0.201660
0.824219	0.365845
0.825195	-0.519012
0.826172	0.115509
0.827148	0.353424
0.828125	-0.391754
0.829102	-0.859100
0.830078	0.404572
0.831055	-0.108154
0.832031	0.068787
0.833008	-0.048920
0.833984	0.229279
0.834961	0.475525
0.835937	0.636841
0.836914	-0.223114
0.837891	-0.411774
0.838867	-0.121460
0.839844	0.002106
0.840820	-0.274658
0.841797	-0.076233
0.842773	-0.139648
0.843750	-0.211609
0.844727	-0.250916
0.845703	-0.513397
0.846680	0.276581
0.847656	0.289886
0.848633	0.155273
0.849609	-0.089630
0.850586	-0.563141
0.851562	0.176270
0.852539	-0.366058
0.853516	-0.196289
0.854492	-0.425293
0.855469	0.414185
0.856445	-0.087616
0.857422	0.154633
0.858398	-0.074707
0.859375	-0.304169
0.860352	-0.046814
0.861328	-0.065277
0.862305	0.327728
0.863281	-0.274078
0.864258	0.760162
0.865234	0.811340
0.866211	0.342194
0.867187	0.046356
0.868164	-0.677216
0.869141	-0.384033
0.870117	0.286377
0.871094	0.625244
0.872070	0.066986
0.873047	-0.366028
0.874023	0.090088
0.875000	-0.419952
0.875977	-0.246216
0.876953	-0.061432
0.877930	-0.146271
0.878906	0.713593
0.879883	0.242493
0.880859	0.307648
0.881836	-0.229889
0.882812	0.880341
0.883789	0.691925
0.884766	0.311401
0.885742	-0.460632
0.886719	0.018311
0.887695	0.518188
0.888672	0.272308
0.889648	-0.948120
0.890625	0.295166
0.891602	0.011475
0.892578	-0.096588
0.893555	0.484436
0.894531	-0.354156
0.895508	-0.086578
0.896484	-0.082642
0.897461	0.046997
0.898437	0.402802
0.899414	0.297577
0.900391	0.858704
0.901367	-0.647827
0.902344	0.352020
0.903320	0.918579
0.904297	-1.000000
0.905273	0.093506
0.906250	-0.231964
0.907227	-0.434326
0.908203	1.000000
0.909180	0.269623
0.910156	0.128479
0.911133	-0.130890
0.912109	-0.044495
0.913086	-0.555969
0.914062	-0.635925
0.915039	0.205078
0.916016	0.160278
0.916992	-0.164490
0.917969	-0.165924
0.918945	-0.220947
0.919922	-0.869843
0.920898	0.161835
0.921875	-0.098022
0.922852	-0.039764
0.923828	0.573029
0.924805	-0.546082
0.925781	-0.400757
0.926758	-0.080475
0.927734	0.127167
0.928711	-0.625427
0.929687	-0.383423
0.930664	1.000000
0.931641	0.132050
0.932617	-0.312622
0.933594	0.582123
0.934570	0.454712
0.935547	-0.044800
0.936523	0.102631
0.937500	0.036957
0.938477	-0.102661
0.939453	-0.735107
0.940430	0.256561
0.941406	0.252747
0.942383	-0.133301
0.943359	0.558411
0.944336	0.319183
0.945312	-0.294006
0.946289	-1.000000
0.947266	0.125092
0.948242	0.378723
0.949219	0.378662
0.950195	-0.478546
0.951172	-0.350586
0.952148	0.245697
0.953125	-0.092194
0.954102	-0.019653
0.955078	-0.134094
0.956055	-0.532349
0.957031	0.359558
0.958008	-1.000000
0.958984	-0.212494
0.959961	0.016235
0.960937	0.366608
0.961914	-0.434540
0.962891	-0.125397
0.963867	0.349884
0.964844	-0.663635
0.965820	-0.198120
0.966797	-0.347687
0.967773	0.283356
0.968750	0.266235
0.969727	-0.388611
0.970703	-0.924866
0.971680	-1.000000
0.972656	0.337433
0.973633	0.260071
0.974609	0.559967
0.975586	0.416229
0.976562	-0.067474
0.977539	-0.009827
0.978516	0.028656
0.979492	0.829315
0.980469	0.188568
0.981445	0.330719
0.982422	0.235291
0.983398	-0.902466
0.984375	-0.088074
0.985352	-0.597229
0.986328	0.243591
0.987305	-0.736725
0.988281	0.338501
0.989258	0.459656
0.990234	-0.169586
0.991211	0.936340
0.992187	-0.104645
0.993164	-0.040924
0.994141	-0.038177
0.995117	-0.410095
0.996094	0.002869
0.997070	0.421478
0.998047	0.480255
0.999023	0.682983
1.000000	0.543915
1.000977	0.564606
1.001953	-0.196655
1.002930	-0.396698
1.003906	0.708771
1.004883	0.585815
1.005859	0.026794
1.006836	-0.611877
1.007812	0.691223
1.008789	0.871002
1.009766	-0.158051
1.010742	0.657074
1.011719	0.302460
1.012695	0.462158
1.013672	-0.831146
1.014648	-0.563324
1.015625	0.232422
1.016602	0.301697
1.017578	-0.160858
1.018555	-0.211029
1.019531	0.340515
1.020508	0.133667
1.021484	0.267578
1.022461	0.470764
1.023437	-0.517456
1.024414	0.243591
1.025391	-0.155884
1.026367	-0.025024
1.027344	-0.040253
1.028320	-0.030670
1.029297	0.208038
1.030273	-0.620148
1.031250	-0.791321
1.032227	-0.147705
1.033203	0.368042
1.034180	0.631744
1.035156	-0.175964
1.036133	-0.594849
1.037109	1.000000
1.038086	-1.000000
1.039062	-0.030121
1.040039	0.398437
1.041016	-0.088013
1.041992	0.438721
1.042969	-0.174377
1.043945	-0.083527
1.044922	-0.377686
1.045898	0.001404
1.046875	0.621155
1.047852	-0.594055
1.048828	0.660614
1.049805	0.157288
1.050781	0.479858
1.051758	-1.000000
1.052734	-0.542358
1.053711	0.406586
1.054687	0.245911
1.055664	0.919159
1.056641	0.121826
1.057617	0.095886
1.058594	-0.590179
1.059570	0.525848
1.060547	-0.553955
1.061523	0.555695
1.062500	0.049316
1.063477	0.896729
1.064453	-0.002747
1.065430	-0.170227
1.066406	-0.029602
1.067383	0.129395
1.068359	0.189545
1.069336	0.032684
1.070312	0.054718
1.071289	0.175964
1.072266	0.429687
1.073242	-0.332458
1.074219	0.196411
1.075195	0.471802
1.076172	-0.138672
1.077148	-0.124939
1.078125	0.385223
1.079102	-0.070923
1.080078	-0.179901
1.081055	-0.506897
1.082031	0.254730
1.083008	0.308411
1.083984	0.317261
1.084961	-0.040192
1.085937	0.307983
1.086914	0.178345
1.087891	-0.695587
1.088867	-0.560211
1.089844	-0.217987
1.090820	-0.629944
1.091797	-0.065155
1.092773	0.684082
1.093750	0.255432
1.094727	-0.218445
1.095703	0.077545
1.096680	-0.171753
1.097656	0.516632
1.098633	-0.090424
1.099609	-0.242004
1.100586	-0.018066
1.101562	-0.302429
1.102539	-0.043945
1.103516	0.040009
1.104492	-1.000000
1.105469	0.662628
1.106445	0.135803
1.107422	0.343750
1.108398	-0.560303
1.109375	-0.984528
1.110352	0.439117
1.111328	-0.671997
1.112305	-0.355499
1.113281	-0.059509
1.114258	-0.456604
1.115234	0.676910
1.116211	-0.019470
1.117187	-0.110199
1.118164	0.411652
1.119141	0.838989
1.120117	-0.370148
1.121094	0.272125
1.122070	0.078979
1.123047	0.380798
1.124023	-0.398254
1.125000	0.143158
1.125977	-0.033203
1.126953	-0.274567
1.127930	-0.123993
1.128906	0.344086
1.129883	-0.324829
1.130859	0.080994
1.131836	-0.336670
1.132812	-0.509033
1.133789	0.293579
1.134766	0.455322
1.135742	-0.625366
1.136719	0.184021
1.137695	0.668518
1.138672	0.001160
1.139648	-0.479736
1.140625	-0.213470
1.141602	-0.399109
1.142578	-0.384186
1.143555	0.097382
1.144531	0.335663
1.145508	-0.074860
1.146484	0.946686
1.147461	0.085144
1.148437	0.295288
1.149414	0.384583
1.150391	-1.000000
1.151367	-1.000000
1.152344	0.120026
1.153320	0.812958
1.154297	-0.323914
1.155273	0.176605
1.156250	-0.358978
1.157227	-0.256042
1.158203	-0.269135
1.159180	0.150116
1.160156	-0.556641
1.161133	0.236481
1.162109	0.469574
1.163086	1.000000
1.164062	0.328613
1.165039	-0.794769
1.166016	0.324310
1.166992	-0.307159
1.167969	-0.075470
1.168945	-0.292542
1.169922	0.168488
1.170898	0.296997
1.171875	-0.588898
1.172852	1.000000
1.173828	-0.858398
1.174805	-0.350250
1.175781	0.537506
1.176758	-1.000000
1.177734	-0.519867
1.178711	-0.219269
1.179687	-0.229645
1.180664	0.577209
1.181641	0.223511
1.182617	0.667847
1.183594	0.396057
1.184570	-0.722351
1.185547	-0.452209
1.186523	0.549347
1.187500	0.100922
1.188477	-0.277649
1.189453	-0.302460
1.190430	-0.629852
1.191406	0.580933
1.192383	0.110809
1.193359	-0.151947
1.194336	-0.394989
1.195312	-0.681335
1.196289	-0.171509
1.197266	0.104614
1.198242	0.209412
1.199219	-0.027924
1.200195	-0.465881
1.201172	0.226593
1.202148	0.697388
1.203125	-0.487427
1.204102	-0.014221
1.205078	0.215088
1.206055	-0.033142
1.207031	-0.583374
1.208008	-0.264496
1.208984	-0.758118
1.209961	-0.185425
1.210937	0.756256
1.211914	-0.029968
1.212891	0.521271
1.213867	0.263062
1.214844	0.125671
1.215820	-0.556610
1.216797	0.690094
1.217773	0.076111
1.218750	0.279083
1.219727	0.428741
1.220703	0.055237
1.221680	1.000000
1.222656	0.385956
1.223633	-0.245087
1.224609	-0.128448
1.225586	0.955444
1.226562	0.752228
1.227539	0.488708
1.228516	-0.516296
1.229492	0.296967
1.230469	0.184937
1.231445	-0.112732
1.232422	-0.085510
1.233398	-0.016205
1.234375	0.179718
1.235352	0.473541
1.236328	0.440033
1.237305	0.413269
1.238281	0.012726
1.239258	-1.000000
1.240234	-0.865906
1.241211	0.371155
1.242187	0.840912
1.243164	0.203766
1.244141	0.741882
1.245117	0.095764
1.246094	-0.347839
1.247070	0.316711
1.248047	-0.445068
1.249023	-0.426208
1.250000	0.536835
1.250977	0.446472
1.251953	0.136841
1.252930	0.131561
1.253906	0.050323
1.254883	-0.082642
1.255859	-0.056091
1.256836	-0.072357
1.257812	0.482269
1.258789	-1.000000
1.259766	0.156616
1.260742	-0.215668
1.261719	-0.013763
1.262695	-0.305176
1.263672	-0.284698
1.264648	-0.240845
1.265625	-0.333740
1.266602	-0.279266
1.267578	-0.200073
1.268555	-0.952179
1.269531	-0.235107
1.270508	-0.705444
1.271484	-0.685333
1.272461	0.178772
1.273437	0.273468
1.274414	0.682892
1.275391	-0.447174
1.276367	0.520569
1.277344	0.326874
1.278320	0.202515
1.279297	-0.671326
1.280273	0.732086
1.281250	-1.000000
1.282227	1.000000
1.283203	0.453308
1.284180	-0.538635
1.285156	0.122406
1.286133	1.000000
1.287109	0.270355
1.288086	0.066711
1.289062	-0.334869
1.290039	-0.662170
1.291016	-0.637085
1.291992	0.392303
1.292969	-1.000000
1.293945	-0.717010
1.294922	0.451874
1.295898	0.410278
1.296875	-0.154633
1.297852	-0.334259
1.298828	-0.281128
1.299805	-0.028320
1.300781	-0.510803
1.301758	0.621826
1.302734	0.562744
1.303711	-0.652649
1.304687	0.143158
1.305664	-0.826630
1.306641	-1.000000
1.307617	0.210297
1.308594	-0.480774
1.309570	-0.422546
1.310547	-1.000000
1.311523	-0.051666
1.312500	-0.645660
1.313477	0.303131
1.314453	-1.000000
1.315430	0.325165
1.316406	0.093140
1.317383	0.710266
1.318359	0.648224
1.319336	-0.756653
1.320312	0.203003
1.321289	0.141083
1.322266	0.482697
1.323242	-0.531555
1.324219	0.186066
1.325195	-0.832123
1.326172	-0.054016
1.327148	0.084106
1.328125	0.230957
1.329102	-0.387146
1.330078	0.106720
1.331055	0.627197
1.332031	-0.353027
1.333008	-0.387360
1.333984	-0.603241
1.334961	0.358063
1.335937	-0.604523
1.336914	-0.156158
1.337891	-0.226898
1.338867	0.262970
1.339844	-0.325623
1.340820	0.020264
1.341797	-0.662720
1.342773	0.277313
1.343750	-0.107117
1.344727	1.000000
1.345703	0.694031
1.346680	0.754059
1.347656	-0.492126
1.348633	-0.473297
1.349609	-0.021210
1.350586	1.000000
1.351562	0.418091
1.352539	0.728668
1.353516	-0.218231
1.354492	0.379303
1.355469	0.653717
1.356445	-0.382538
1.357422	-0.344574
1.358398	0.470856
1.359375	0.104034
1.360352	-0.038055
1.361328	0.826050
1.362305	0.873810
1.363281	0.128326
1.364258	-0.698090
1.365234	0.552612
1.366211	0.441650
1.367187	0.217773
1.368164	0.812408
1.369141	-0.870178
1.370117	-0.422546
1.371094	-0.063660
1.372070	0.545319
1.373047	-0.293579
1.374023	0.330719
1.375000	-0.466278
1.375977	-0.029266
1.376953	-0.047882
1.377930	0.346191
1.378906	-1.000000
1.379883	0.058380
1.380859	-0.926239
1.381836	0.760925
1.382812	-1.000000
1.383789	-0.095825
1.384766	0.029388
1.385742	0.252747
1.386719	0.064789
1.387695	0.149017
1.388672	-0.576477
1.389648	-0.710449
1.390625	-0.155762
1.391602	0.254913
1.392578	-0.237427
1.393555	0.394531
1.394531	0.066742
1.395508	1.000000
1.396484	-0.213745
1.397461	0.125641
1.398437	-0.301392
1.399414	-0.272064
1.400391	-0.104401
1.401367	-0.873932
1.402344	0.041901
1.403320	0.009857
1.404297	-0.152161
1.405273	-0.503662
1.406250	0.315918
1.407227	-0.000458
1.408203	-0.871643
1.409180	0.587830
1.410156	0.330322
1.411133	0.458496
1.412109	0.107788
1.413086	-0.350647
1.414062	0.144440
1.415039	0.215424
1.416016	-0.818268
1.416992	0.810303
1.417969	-0.418182
1.418945	0.269867
1.419922	-0.732697
1.420898	-0.624908
1.421875	-0.457489
1.422852	0.279846
1.423828	0.311279
1.424805	0.790649
1.425781	0.953644
1.426758	-0.373413
1.427734	0.067993
1.428711	-0.277191
1.429687	0.580200
1.430664	0.577637
1.431641	-0.603058
1.432617	0.254303
1.433594	-0.196747
1.434570	0.089966
1.435547	0.059174
1.436523	-0.479645
1.437500	-1.000000
1.438477	-0.006439
1.439453	0.215607
1.440430	-0.896393
1.441406	0.557465
1.442383	0.315002
1.443359	-0.224792
1.444336	-0.599243
1.445312	0.004272
1.446289	-0.286957
1.447266	0.064758
1.448242	0.663940
1.449219	0.507843
1.450195	-0.084778
1.451172	0.972565
1.452148	-0.038269
1.453125	-0.522034
1.454102	0.822510
1.455078	-0.662079
1.456055	0.272827
1.457031	-0.453735
1.458008	0.231720
1.458984	-0.236237
1.459961	-0.778046
1.460937	-0.201599
1.461914	0.118195
1.462891	-0.134857
1.463867	0.897278
1.464844	0.164856
1.465820	-0.414429
1.466797	0.100464
1.467773	-0.011566
1.468750	0.300140
1.469727	-0.722717
1.470703	-0.144348
1.471680	-0.515045
1.472656	0.180206
1.473633	0.257019
1.474609	-0.489746
1.475586	-0.131561
1.476562	-0.172058
1.477539	-0.737274
1.478516	-0.161682
1.479492	0.436554
1.480469	0.279297
1.481445	0.522339
1.482422	-0.631256
1.483398	-0.005249
1.484375	0.887360
1.485352	0.197937
1.486328	-0.231018
1.487305	0.185303
1.488281	0.149780
1.489258	-0.738129
1.490234	-0.425629
1.491211	-0.703949
1.492187	0.345764
1.493164	-0.247528
1.494141	0.459473
1.495117	-0.196838
1.496094	-0.244141
1.497070	0.099701
1.498047	-0.340576
1.499023	0.175415
1.500000	-0.129456
1.500977	0.378998
1.501953	-0.000458
1.502930	0.200378
1.503906	0.597504
1.504883	-0.671387
1.505859	0.402893
1.506836	0.234009
1.507812	-0.304108
1.508789	0.196411
1.509766	-0.352448
1.510742	-0.791382
1.511719	-0.236816
1.512695	0.137939
1.513672	0.294403
1.514648	-0.008240
1.515625	-0.001251
1.516602	0.602509
1.517578	-0.523193
1.518555	-0.852966
1.519531	0.076691
1.520508	-0.554718
1.521484	-0.056061
1.522461	0.061035
1.523437	0.232269
1.524414	-0.554993
1.525391	0.783081
1.526367	0.693726
1.527344	0.377655
1.528320	-1.000000
1.529297	0.324036
1.530273	0.885345
1.531250	0.352356
1.532227	0.380188
1.533203	-0.333801
1.534180	0.177094
1.535156	-0.564575
1.536133	-0.072052
1.537109	0.585724
1.538086	0.689697
1.539062	-0.427338
1.540039	-0.013611
1.541016	-0.187347
1.541992	0.432007
1.542969	-1.000000
1.543945	-0.037628
1.544922	-0.880463
1.545898	-0.549011
1.546875	-0.282623
1.547852	0.642151
1.548828	-0.105682
1.549805	0.477600
1.550781	-0.670776
1.551758	0.652222
1.552734	1.000000
1.553711	-0.687408
1.554687	-0.049103
1.555664	0.282196
1.556641	0.312195
1.557617	0.171844
1.558594	-0.160889
1.559570	-0.318634
1.560547	-0.032654
1.561523	0.041748
1.562500	-0.309113
1.563477	0.065216
1.564453	1.000000
1.565430	-0.343292
1.566406	0.842316
1.567383	-0.171448
1.568359	-0.580841
1.569336	-0.200043
1.570312	0.182587
1.571289	0.270752
1.572266	-0.294067
1.573242	-1.000000
1.574219	-0.864410
1.575195	0.386658
1.576172	0.071594
1.577148	-0.870972
1.578125	0.379089
1.579102	-0.545837
1.580078	-0.118652
1.581055	-0.424835
1.582031	-0.711243
1.583008	-0.317413
1.583984	0.424133
1.584961	-0.178711
1.585937	0.712219
1.586914	0.323242
1.587891	0.053925
1.588867	0.504822
1.589844	0.486237
1.590820	-0.155975
1.591797	0.308136
1.592773	-0.519165
1.593750	0.388397
1.594727	0.108154
1.595703	0.279236
1.596680	0.532623
1.597656	-0.224731
1.598633	-0.822845
1.599609	-0.521942
1.600586	-0.222473
1.601562	-0.401855
1.602539	0.068481
1.603516	0.512146
1.604492	0.467468
1.605469	-0.301483
1.606445	-0.436371
1.607422	-0.396301
1.608398	1.000000
1.609375	-0.304352
1.610352	0.600952
1.611328	-0.423645
1.612305	0.189941
1.613281	-0.607422
1.614258	-0.070251
1.615234	0.688477
1.616211	-0.003998
1.617187	-0.628418
1.618164	-0.460846
1.619141	0.145905
1.620117	-0.215637
1.621094	-0.544800
1.622070	0.051697
1.623047	-0.528320
1.624023	1.000000
1.625000	-0.247803
1.625977	0.692200
1.626953	0.086487
1.627930	-0.203918
1.628906	0.475433
1.629883	0.226074
1.630859	0.032837
1.631836	0.241913
1.632812	0.630341
1.633789	0.493744
1.634766	0.376984
1.635742	0.008759
1.636719	-0.789917
1.637695	-0.237305
1.638672	-0.122437
1.639648	0.294983
1.640625	0.015869
1.641602	0.334900
1.642578	0.341461
1.643555	-0.225647
1.644531	-0.116028
1.645508	-0.164490
1.646484	-0.418793
1.647461	0.722931
1.648437	0.373932
1.649414	0.435822
1.650391	-0.303711
1.651367	0.696564
1.652344	0.407349
1.653320	-0.159119
1.654297	0.146790
1.655273	0.639160
1.656250	0.543823
1.657227	0.078278
1.658203	0.680603
1.659180	-0.490417
1.660156	-0.542480
1.661133	0.781036
1.662109	-0.258972
1.663086	0.259796
1.664062	0.338409
1.665039	0.532471
1.666016	0.007172
1.666992	0.147247
1.667969	0.317505
1.668945	0.227722
1.669922	0.677826
1.670898	-0.095154
1.671875	0.449310
1.672852	-0.392151
1.673828	-0.498383
1.674805	-0.763031
1.675781	0.546448
1.676758	-0.335419
1.677734	0.112885
1.678711	0.336945
1.679687	1.000000
1.680664	0.633270
1.681641	-0.265991
1.682617	0.748474
1.683594	0.840576
1.684570	0.283966
1.685547	-1.000000
1.686523	0.452606
1.687500	0.357635
1.688477	-1.000000
1.689453	0.527893
1.690430	0.019165
1.691406	0.601654
1.692383	0.487366
1.693359	0.690338
1.694336	-0.110687
1.695312	-0.299561
1.696289	-0.909119
1.697266	-0.038239
1.698242	-0.418457
1.699219	0.732849
1.700195	-0.120575
1.701172	0.036713
1.702148	-0.714264
1.703125	0.071777
1.704102	-0.629181
1.705078	-0.090393
1.706055	0.575317
1.707031	-0.212128
1.708008	0.094421
1.708984	-0.163422
1.709961	0.414948
1.710937	0.393921
1.711914	-0.517975
1.712891	0.714752
1.713867	0.630371
1.714844	0.380676
1.715820	-0.192139
1.716797	0.710205
1.717773	0.353210
1.718750	0.247345
1.719727	-0.107330
1.720703	0.022369
1.721680	-0.220886
1.722656	0.674408
1.723633	-0.725830
1.724609	-0.104248
1.725586	-0.755188
1.726562	0.499451
1.727539	-0.073975
1.728516	-1.000000
1.729492	-0.394470
1.730469	-0.372345
1.731445	-0.949951
1.732422	0.063965
1.733398	0.712891
1.734375	0.286255
1.735352	0.608704
1.736328	0.048645
1.737305	0.527863
1.738281	0.182404
1.739258	-0.558167
1.740234	0.584351
1.741211	0.684387
1.742187	0.025635
1.743164	-0.230194
1.744141	-0.465851
1.745117	0.451660
1.746094	-1.000000
1.747070	-0.836060
1.748047	0.034882
1.749023	0.095886
1.750000	0.187836
1.750977	0.478912
1.751953	-0.156403
1.752930	0.155945
1.753906	-0.179626
1.754883	-0.064941
1.755859	-0.722198
1.756836	-0.688232
1.757812	-0.408417
1.758789	0.287689
1.759766	-0.255280
1.760742	0.157562
1.761719	-0.410461
1.762695	0.185333
1.763672	-0.038025
1.764648	0.233887
1.765625	-0.302185
1.766602	0.031891
1.767578	0.064911
1.768555	0.627350
1.769531	-0.370453
1.770508	-0.505707
1.771484	0.851868
1.772461	0.252533
1.773437	-0.353760
1.774414	-0.782043
1.775391	-0.462494
1.776367	-1.000000
1.777344	-0.787109
1.778320	-0.350616
1.779297	-0.882721
1.780273	-0.234802
1.781250	-0.396271
1.782227	-0.209259
1.783203	-0.031494
1.784180	0.197266
1.785156	-0.166565
1.786133	0.001740
1.787109	0.348145
1.788086	-0.545441
1.789062	-0.613312
1.790039	0.131439
1.791016	0.106140
1.791992	0.176208
1.792969	-0.149017
1.793945	-0.407349
1.794922	-0.348145
1.795898	-0.483795
1.796875	0.918823
1.797852	-0.052887
1.798828	0.471466
1.799805	-1.000000
1.800781	-0.161774
1.801758	-0.617523
1.802734	0.235474
1.803711	0.032776
1.804687	-0.840271
1.805664	-0.343140
1.806641	0.444427
1.807617	-0.376892
1.808594	-0.855682
1.809570	-0.883362
1.810547	0.241974
1.811523	-0.296509
1.812500	-0.453918
1.813477	-0.365601
1.814453	-0.262054
1.815430	0.256104
1.816406	-0.130585
1.817383	-0.384003
1.818359	0.398376
1.819336	0.241791
1.820312	0.702911
1.821289	0.806976
1.822266	0.246490
1.823242	-0.493134
1.824219	0.056641
1.825195	-0.001343
1.826172	-0.416595
1.827148	0.435608
1.828125	0.210266
1.829102	0.274078
1.830078	0.510590
1.831055	-0.086853
1.832031	-0.075806
1.833008	0.071381
1.833984	-0.530457
1.834961	0.070068
1.835937	-0.587158
1.836914	0.083160
1.837891	0.208038
1.838867	-0.231537
1.839844	-0.316742
1.840820	0.794342
1.841797	0.332367
1.842773	0.291046
1.843750	0.693359
1.844727	0.736389
1.845703	1.000000
1.846680	-0.077393
1.847656	0.114807
1.848633	-0.008972
1.849609	-0.797943
1.850586	0.022369
1.851562	0.224335
1.852539	-0.347717
1.853516	-0.437347
1.854492	0.453613
1.855469	0.486389
1.856445	0.642944
1.857422	0.095673
1.858398	-0.733215
1.859375	0.495789
1.860352	-0.074768
1.861328	-0.636200
1.862305	1.000000
1.863281	-0.667572
1.864258	0.449310
1.865234	0.954224
1.866211	-0.685181
1.867187	-0.091125
1.868164	-0.414337
1.869141	0.404694
1.870117	-0.453705
1.871094	0.885834
1.872070	0.917694
1.873047	0.063873
1.874023	0.081207
1.875000	-0.449097
1.875977	-0.033447
1.876953	-0.099030
1.877930	-0.026428
1.878906	-0.882019
1.879883	-0.728302
1.880859	-0.735535
1.881836	-0.243805
1.882812	0.073212
1.883789	-1.000000
1.884766	0.076904
1.885742	-0.085876
1.886719	-0.729614
1.887695	0.141174
1.888672	0.012695
1.889648	-0.148376
1.890625	0.689423
1.891602	-0.412079
1.892578	-0.104095
1.893555	-0.619873
1.894531	0.132751
1.895508	0.125244
1.896484	0.375031
1.897461	-0.420532
1.898437	-0.520233
1.899414	-0.269379
1.900391	0.322693
1.901367	0.134521
1.902344	0.276581
1.903320	-0.488953
1.904297	0.491364
1.905273	0.109436
1.906250	-0.124969
1.907227	1.000000
1.908203	0.348694
1.909180	-0.273102
1.910156	-0.017639
1.911133	-0.252380
1.912109	-0.862549
1.913086	-0.403809
1.914062	0.676147
1.915039	0.353607
1.916016	-0.106323
1.916992	0.596954
1.917969	0.705750
1.918945	-0.133575
1.919922	-0.040741
1.920898	0.073364
1.921875	-0.232941
1.922852	-0.381165
1.923828	-0.230560
1.924805	-0.481934
1.925781	0.527405
1.926758	0.087494
1.927734	-0.142761
1.928711	0.281891
1.929687	-0.676117
1.930664	0.043457
1.931641	-0.429047
1.932617	0.081879
1.933594	-0.569427
1.934570	-1.000000
1.935547	0.119537
1.936523	0.052582
1.937500	0.114502
1.938477	-0.252136
1.939453	0.784058
1.940430	1.000000
1.941406	0.505127
1.942383	-0.038910
1.943359	0.645569
1.944336	0.297363
1.945312	-0.639557
1.946289	-0.780457
1.947266	-0.159210
1.948242	-1.000000
1.949219	0.096375
1.950195	0.101166
1.951172	-0.226959
1.952148	-0.305237
1.953125	-0.308167
1.954102	-0.667450
1.955078	0.314392
1.956055	-0.737427
1.957031	0.136688
1.958008	-0.351593
1.958984	0.082397
1.959961	-0.808350
1.960937	-0.022095
1.961914	0.097778
1.962891	0.382629
1.963867	0.151123
1.964844	-0.658966
1.965820	-0.865234
1.966797	-0.306061
1.967773	-0.234833
1.968750	-0.548523
1.969727	-0.110199
1.970703	-0.210022
1.971680	-1.000000
1.972656	-0.121429
1.973633	0.408752
1.974609	0.971222
1.975586	-0.226562
1.976562	-0.168304
1.977539	0.399078
1.978516	-0.159912
1.979492	0.973724
1.980469	-0.848114
1.981445	-0.678772
1.982422	0.295715
1.983398	0.182068
1.984375	-0.207397
1.985352	0.136688
1.986328	0.000366
1.987305	0.025879
1.988281	-0.013794
1.989258	-0.546234
1.990234	0.549225
1.991211	-0.188110
1.992187	0.124817
1.993164	0.582642
1.994141	-0.892395
1.995117	0.121887
1.996094	-0.413025
1.997070	-0.369354
1.998047	-0.220123
1.999023	-0.716431
2.000000	0.291809
2.000977	0.065216
2.001953	0.313110
2.002930	-0.324280
2.003906	-0.288025
2.004883	0.614136
2.005859	0.634888
2.006836	-0.227722
2.007812	-0.331726
2.008789	0.104248
2.009766	0.875153
2.010742	-0.512573
2.011719	-0.895142
2.012695	0.036133
2.013672	0.690033
2.014648	-0.125702
2.015625	-0.330719
2.016602	1.000000
2.017578	-0.016632
2.018555	-0.035248
2.019531	0.209351
2.020508	-0.043518
2.021484	-0.857391
2.022461	-0.831268
2.023437	0.295319
2.024414	0.255768
2.025391	0.430237
2.026367	0.899323
2.027344	0.157318
2.028320	-0.026489
2.029297	-0.222015
2.030273	-0.214478
2.031250	0.763702
2.032227	0.461487
2.033203	-0.067749
2.034180	0.174622
2.035156	0.391602
2.036133	0.407745
2.037109	0.851196
2.038086	0.255829
2.039062	0.380890
2.040039	0.545166
2.041016	-0.868805
2.041992	-0.772980
2.042969	-0.072174
2.043945	-1.000000
2.044922	-0.021729
2.045898	1.000000
2.046875	-0.203400
2.047852	0.374573
2.048828	-0.155182
2.049805	-0.766663
2.050781	0.490601
2.051758	-0.691193
2.052734	0.207153
2.053711	-0.355713
2.054687	0.112915
2.055664	-0.149872
2.056641	0.234680
2.057617	-0.745667
2.058594	-0.256317
2.059570	-0.593842
2.060547	0.120941
2.061523	0.030396
2.062500	0.254028
2.063477	0.661377
2.064453	-0.806213
2.065430	0.060150
2.066406	0.251617
2.067383	-0.225403
2.068359	0.219879
2.069336	-0.054596
2.070312	-0.092896
2.071289	-0.022736
2.072266	-0.041412
2.073242	-0.316772
2.074219	-0.602173
2.075195	-0.246155
2.076172	-0.367310
2.077148	-0.503784
2.078125	-0.764069
2.079102	-0.007812
2.080078	0.920319
2.081055	0.246124
2.082031	-0.164886
2.083008	-0.039551
2.083984	-0.529785
2.084961	-0.053711
2.085937	0.945221
2.086914	0.464630
2.087891	0.233246
2.088867	-0.096008
2.089844	-0.248413
2.090820	-0.777679
2.091797	-0.553070
2.092773	0.989380
2.093750	0.179047
2.094727	0.248230
2.095703	-0.585724
2.096680	0.849915
2.097656	0.126038
2.098633	-0.082458
2.099609	-0.364685
2.100586	-0.275970
2.101562	-0.364594
2.102539	0.023315
2.103516	0.105042
2.104492	-0.796021
2.105469	-0.136078
2.106445	0.136688
2.107422	0.564209
2.108398	0.541748
2.109375	-0.529877
2.110352	-0.093170
2.111328	-0.263733
2.112305	-0.220581
2.113281	0.701416
2.114258	0.522705
2.115234	0.307800
2.116211	-0.204224
2.117187	-0.639374
2.118164	0.119293
2.119141	0.681305
2.120117	0.058807
2.121094	1.000000
2.122070	-0.576660
2.123047	0.072723
2.124023	0.095856
2.125000	-0.042267
2.125977	0.055939
2.126953	-0.662231
2.127930	-1.000000
2.128906	-0.654083
2.129883	0.180298
2.130859	0.654633
2.131836	0.092255
2.132812	0.158630
2.133789	0.247498
2.134766	-1.000000
2.135742	-0.636353
2.136719	-0.179810
2.137695	0.439392
2.138672	0.601074
2.139648	-0.400787
2.140625	-1.000000
2.141602	-0.654327
2.142578	-0.242340
2.143555	-0.401367
2.144531	-0.897675
2.145508	0.025452
2.146484	-0.304993
2.147461	-0.244415
2.148437	-0.056915
2.149414	0.142181
2.150391	-0.474487
2.151367	-0.118347
2.152344	-0.222778
2.153320	0.405792
2.154297	-0.199249
2.155273	0.653046
2.156250	-0.077148
2.157227	-0.523041
2.158203	-0.370422
2.159180	0.602264
2.160156	0.468018
2.161133	0.240784
2.162109	0.353302
2.163086	-0.598755
2.164062	-0.174622
2.165039	-0.474609
2.166016	-0.512695
2.166992	-0.076355
2.167969	-0.049469
2.168945	-0.112457
2.169922	0.229950
2.170898	0.394501
2.171875	0.440857
2.172852	-0.263519
2.173828	-0.438782
2.174805	0.220581
2.175781	0.310211
2.176758	0.428223
2.177734	0.255768
2.178711	0.699768
2.179687	0.134918
2.180664	0.698822
2.181641	-0.296478
2.182617	-0.079285
2.183594	0.550751
2.184570	-0.153046
2.185547	0.849091
2.186523	-0.341949
2.187500	0.228119
2.188477	0.050079
2.189453	-0.264587
2.190430	0.107666
2.191406	0.009186
2.192383	-0.120605
2.193359	-0.076233
2.194336	0.581909
2.195312	-0.178558
2.196289	-0.086487
2.197266	0.869598
2.198242	0.167297
2.199219	-0.790924
2.200195	-0.497162
2.201172	-0.061249
2.202148	-0.374207
2.203125	-0.118652
2.204102	-0.970490
2.205078	0.329102
2.206055	0.400330
2.207031	0.091797
2.208008	0.626343
2.208984	-0.085083
2.209961	-0.821075
2.210937	-1.000000
2.211914	0.596191
2.212891	0.067230
2.213867	-0.381622
2.214844	-0.256775
2.215820	0.133484
2.216797	-0.982452
2.217773	-0.835114
2.218750	-0.725037
2.219727	0.345673
2.220703	0.113007
2.221680	0.170410
2.222656	-0.316406
2.223633	-0.589752
2.224609	-0.008698
2.225586	-0.668762
2.226562	0.291077
2.227539	-0.253937
2.228516	0.023346
2.229492	-0.101715
2.230469	-0.170410
2.231445	0.391876
2.232422	0.137268
2.233398	-0.370483
2.234375	-0.318481
2.235352	-0.055237
2.236328	0.247711
2.237305	-0.037933
2.238281	0.239075
2.239258	0.023926
2.240234	0.215149
2.241211	0.461853
2.242187	-0.396729
2.243164	0.510468
2.244141	0.040894
2.245117	0.268585
2.246094	-0.176880
2.247070	-0.132660
2.248047	-0.271942
2.249023	-0.189331
2.250000	0.827423
2.250977	0.037170
2.251953	0.625885
2.252930	-0.119263
2.253906	0.178894
2.254883	0.492523
2.255859	0.621429
2.256836	0.204895
2.257812	-1.000000
2.258789	-0.009430
2.259766	-0.331970
2.260742	-0.158234
2.261719	-0.207001
2.262695	0.077911
2.263672	-0.228302
2.264648	-0.188507
2.265625	-0.343018
2.266602	-0.572327
2.267578	0.309204
2.268555	-0.232452
2.269531	0.625275
2.270508	-0.686890
2.271484	-0.063293
2.272461	-0.510254
2.273437	-0.164703
2.274414	-0.907013
2.275391	0.104736
2.276367	0.373444
2.277344	-0.275330
2.278320	0.523651
2.279297	0.115997
2.280273	0.295929
2.281250	-0.537079
2.282227	0.197449
2.283203	-0.018707
2.284180	-0.393951
2.285156	0.113068
2.286133	-0.067841
2.287109	0.476013
2.288086	-1.000000
2.289062	-0.038605
2.290039	-0.433228
2.291016	0.124878
2.291992	0.103394
2.292969	-0.401306
2.293945	-0.468628
2.294922	-0.043243
2.295898	-0.116699
2.296875	-0.222137
2.297852	0.228058
2.298828	-0.109314
2.299805	0.501556
2.300781	0.090027
2.301758	0.035583
2.302734	1.000000
2.303711	0.104248
2.304687	0.374939
2.305664	0.783447
2.306641	-0.452820
2.307617	0.198303
2.308594	0.116425
2.309570	0.274384
2.310547	0.219482
2.311523	-0.444550
2.312500	-0.172974
2.313477	-0.913147
2.314453	-0.023651
2.315430	-0.112946
2.316406	0.556427
2.317383	0.230408
2.318359	0.129852
2.319336	0.391357
2.320312	-0.317200
2.321289	0.271057
2.322266	0.295471
2.323242	0.416138
2.324219	-0.338013
2.325195	-0.676819
2.326172	-0.544495
2.327148	0.666687
2.328125	1.000000
2.329102	0.268829
2.330078	0.347321
2.331055	-0.217926
2.332031	0.099335
2.333008	0.613098
2.333984	0.394684
2.334961	-0.010010
2.335937	0.035431
2.336914	-0.498657
2.337891	-0.099731
2.338867	0.027100
2.339844	-0.241638
2.340820	0.947571
2.341797	-0.055328
2.342773	1.000000
2.343750	-0.818970
2.344727	0.134003
2.345703	-0.106293
2.346680	0.172211
2.347656	0.105743
2.348633	0.673340
2.349609	-0.847137
2.350586	0.253632
2.351562	-0.498566
2.352539	0.685364
2.353516	-0.419861
2.354492	-0.307739
2.355469	-0.225800
2.356445	0.332703
2.357422	0.488922
2.358398	0.378693
2.359375	-0.420197
2.360352	-0.201050
2.361328	-0.344635
2.362305	0.203735
2.363281	0.067017
2.364258	0.526794
2.365234	-0.472870
2.366211	-0.011658
2.367187	-0.281860
2.368164	-0.174713
2.369141	-0.239594
2.370117	0.595795
2.371094	-0.620331
2.372070	0.970581
2.373047	0.059082
2.374023	-0.127930
2.375000	-0.193085
2.375977	-0.168701
2.376953	0.334473
2.377930	0.086212
2.378906	0.136658
2.379883	0.019745
2.380859	0.255981
2.381836	0.259003
2.382812	-0.641266
2.383789	0.492432
2.384766	-0.300323
2.385742	-0.055359
2.386719	0.262573
2.387695	-0.079803
2.388672	0.395935
2.389648	-0.252808
2.390625	0.470490
2.391602	-0.484894
2.392578	-0.011414
2.393555	0.928070
2.394531	-0.697266
2.395508	-0.022522
2.396484	0.057983
2.397461	-0.324005
2.398437	0.208679
2.399414	-0.298248
2.400391	0.868439
2.401367	-0.643158
2.402344	-0.862518
2.403320	-0.242554
2.404297	0.416321
2.405273	-0.040253
2.406250	-0.247314
2.407227	-0.613190
2.408203	1.000000
2.409180	0.183136
2.410156	-0.441498
2.411133	0.274567
2.412109	0.077179
2.413086	0.188171
2.414062	0.424347
2.415039	0.715546
2.416016	-0.566162
2.416992	0.190613
2.417969	0.054779
2.418945	-0.335266
2.419922	-0.724365
2.420898	0.814423
2.421875	0.623199
2.422852	-0.666718
2.423828	-0.335022
2.424805	-0.362335
2.425781	-0.516479
2.426758	-0.842590
2.427734	-0.143616
2.428711	0.489410
2.429687	0.348541
2.430664	0.451904
2.431641	0.052399
2.432617	-0.499634
2.433594	-0.517456
2.434570	-0.364990
2.435547	0.103546
2.436523	0.937683
2.437500	-0.539551
2.438477	-0.081451
2.439453	1.000000
2.440430	0.444641
2.441406	-0.442749
2.442383	1.000000
2.443359	0.359833
2.444336	0.175781
2.445312	-0.516632
2.446289	0.843170
2.447266	0.280426
2.448242	-0.170380
2.449219	0.366272
2.450195	0.069397
2.451172	0.170349
2.452148	-0.054291
2.453125	-0.357117
2.454102	-0.395355
2.455078	-0.267548
2.456055	-0.361450
2.457031	-0.351379
2.458008	-0.194794
2.458984	-0.212616
2.459961	0.009521
2.460937	0.894989
2.461914	0.254700
2.462891	-0.438416
2.463867	0.549591
2.464844	-0.890503
2.465820	-0.704926
2.466797	0.442505
2.467773	-0.353577
2.468750	-0.643555
2.469727	-0.338837
2.470703	-0.017303
2.471680	-0.381317
2.472656	0.190948
2.473633	0.196869
2.474609	0.489166
2.475586	-0.859009
2.476562	-0.437744
2.477539	-0.393433
2.478516	-0.141937
2.479492	0.065674
2.480469	-0.562134
2.481445	-0.534943
2.482422	0.138519
2.483398	0.474792
2.484375	0.421387
2.485352	0.343170
2.486328	-0.820679
2.487305	0.139618
2.488281	-0.266144
2.489258	-0.923859
2.490234	-0.585693
2.491211	-0.174866
2.492187	-0.497772
2.493164	-0.603210
2.494141	-0.145447
2.495117	0.559265
2.496094	0.005981
2.497070	-0.059662
2.498047	0.195496
2.499023	-0.351898
2.500000	0.668030
2.500977	0.349030
2.501953	-0.387390
2.502930	0.308014
2.503906	0.088013
2.504883	-0.562408
2.505859	-0.949982
2.506836	-0.851715
2.507812	-0.417847
2.508789	0.033600
2.509766	-0.201324
2.510742	-1.000000
2.511719	0.421295
2.512695	0.023834
2.513672	-0.819885
2.514648	-0.211792
2.515625	0.099915
2.516602	-0.771820
2.517578	0.241180
2.518555	0.588867
2.519531	0.585480
2.520508	0.268951
2.521484	-0.191376
2.522461	-0.661407
2.523437	-0.002686
2.524414	-0.365875
2.525391	-0.907532
2.526367	0.316315
2.527344	1.000000
2.528320	-0.362030
2.529297	0.534698
2.530273	-0.162109
2.531250	-0.641174
2.532227	-0.014343
2.533203	-0.113403
2.534180	-0.672302
2.535156	-0.150513
2.536133	0.306763
2.537109	0.674957
2.538086	0.054962
2.539062	-0.219513
2.540039	0.939178
2.541016	0.261993
2.541992	-0.320953
2.542969	-0.099548
2.543945	-0.334595
2.544922	0.315369
2.545898	0.550720
2.546875	-0.149872
2.547852	-0.293030
2.548828	0.503662
2.549805	1.000000
2.550781	-0.501617
2.551758	0.777405
2.552734	-0.293030
2.553711	0.459686
2.554687	0.454102
2.555664	0.178833
2.556641	-0.161591
2.557617	0.435547
2.558594	0.119720
2.559570	-0.083221
2.560547	0.224213
2.561523	-0.577667
2.562500	-0.016754
2.563477	0.149994
2.564453	-0.080170
2.565430	0.060455
2.566406	1.000000
2.567383	-0.721436
2.568359	0.426483
2.569336	-0.968445
2.570312	0.862274
2.571289	-0.357452
2.572266	-0.075348
2.573242	-0.409210
2.574219	-0.459839
2.575195	0.422638
2.576172	-0.556946
2.577148	-0.695435
2.578125	0.773285
2.579102	-0.561523
2.580078	0.175140
2.581055	0.279785
2.582031	-0.219452
2.583008	0.113983
2.583984	-0.800598
2.584961	0.071320
2.585937	-0.156403
2.586914	0.700836
2.587891	0.036346
2.588867	-0.155334
2.589844	0.973328
2.590820	-0.019257
2.591797	0.487946
2.592773	-0.779205
2.593750	-0.568420
2.594727	-0.573273
2.595703	-0.398102
2.596680	-0.628998
2.597656	0.151978
2.598633	-0.706024
2.599609	-0.136597
2.600586	0.007935
2.601562	0.101776
2.602539	-0.237579
2.603516	0.273743
2.604492	0.082550
2.605469	-0.205322
2.606445	0.405670
2.607422	-0.665100
2.608398	0.274658
2.609375	0.128967
2.610352	-0.274811
2.611328	-0.615967
2.612305	0.145233
2.613281	0.597900
2.614258	0.112518
2.615234	0.075439
2.616211	-0.045990
2.617187	-0.766174
2.618164	-0.131073
2.619141	0.532440
2.620117	-0.087891
2.621094	0.066772
2.622070	0.084503
2.623047	0.261322
2.624023	0.148621
2.625000	0.345978
2.625977	0.200806
2.626953	0.132324
2.627930	0.243195
2.628906	0.414856
2.629883	0.375061
2.630859	-0.061493
2.631836	-0.918701
2.632812	-0.131256
2.633789	0.221527
2.634766	-0.606598
2.635742	-1.000000
2.636719	0.964691
2.637695	0.013275
2.638672	-0.558716
2.639648	-0.075256
2.640625	0.090363
2.641602	-0.317688
2.642578	-0.053223
2.643555	-0.239563
2.644531	0.846924
2.645508	-0.245178
2.646484	0.184448
2.647461	0.295166
2.648437	0.157959
2.649414	-0.282471
2.650391	-0.207916
2.651367	0.044983
2.652344	0.272583
2.653320	0.737122
2.654297	0.926361
2.655273	0.159729
2.656250	0.959473
2.657227	-0.702393
2.658203	0.462769
2.659180	-1.000000
2.660156	0.140533
2.661133	-0.568359
2.662109	-0.002716
2.663086	-0.365784
2.664062	-0.792999
2.665039	-0.888611
2.666016	0.379639
2.666992	0.620453
2.667969	0.272034
2.668945	-0.078796
2.669922	0.203339
2.670898	-0.553894
2.671875	-0.541534
2.672852	-0.685944
2.673828	-0.147949
2.674805	0.073700
2.675781	0.528961
2.676758	-0.505859
2.677734	-0.705750
2.678711	-0.655334
2.679687	0.182190
2.680664	0.167938
2.681641	0.077881
2.682617	0.210236
2.683594	1.000000
2.684570	-0.696564
2.685547	0.495636
2.686523	0.359100
2.687500	-0.239258
2.688477	0.902283
2.689453	0.349548
2.690430	0.472382
2.691406	0.332977
2.692383	0.123627
2.693359	0.381348
2.694336	-0.092896
2.695312	-0.105469
2.696289	-0.503662
2.697266	-0.222321
2.698242	0.707123
2.699219	-0.342621
2.700195	0.621094
2.701172	-0.233856
2.702148	0.008728
2.703125	-0.298920
2.704102	-0.207550
2.705078	0.876526
2.706055	-0.371002
2.707031	0.470032
2.708008	1.000000
2.708984	-0.782349
2.709961	-0.267944
2.710937	0.320648
2.711914	-0.391815
2.712891	-0.177429
2.713867	0.266510
2.714844	-0.032074
2.715820	0.356750
2.716797	0.637970
2.717773	-0.721191
2.718750	0.543427
2.719727	-0.135834
2.720703	0.639160
2.721680	-0.504028
2.722656	-0.188446
2.723633	-0.086487
2.724609	-0.048828
2.725586	0.780273
2.726562	-0.381653
2.727539	0.700317
2.728516	-0.583801
2.729492	-0.219391
2.730469	-0.017303
2.731445	-0.152222
2.732422	0.201996
2.733398	-0.411774
2.734375	1.000000
2.735352	0.387848
2.736328	-0.449951
2.737305	0.408234
2.738281	-0.120667
2.739258	0.507294
2.740234	0.252319
2.741211	-0.266510
2.742187	-0.167267
2.743164	-0.160248
2.744141	-0.089905
2.745117	-0.189117
2.746094	0.067078
2.747070	1.000000
2.748047	-0.112701
2.749023	0.491241
2.750000	0.152985
2.750977	1.000000
2.751953	1.000000
2.752930	0.125519
2.753906	-1.000000
2.754883	0.577148
2.755859	0.004242
2.756836	-0.120758
2.757812	0.002380
2.758789	0.171509
2.759766	0.621704
2.760742	-0.417633
2.761719	-0.312622
2.762695	0.222443
2.763672	0.501556
2.764648	-0.042572
2.765625	-1.000000
2.766602	-0.217346
2.767578	0.300537
2.768555	0.316925
2.769531	-0.461792
2.770508	-0.005615
2.771484	0.163452
2.772461	-0.676056
2.773437	-0.129852
2.774414	0.598358
2.775391	-0.224854
2.776367	0.412659
2.777344	-0.604004
2.778320	-0.373016
2.779297	0.110748
2.780273	0.060333
2.781250	-0.325653
2.782227	-0.404572
2.783203	-1.000000
2.784180	-0.467957
2.785156	0.226501
2.786133	-0.776520
2.787109	-0.242187
2.788086	-0.025970
2.789062	-0.129852
2.790039	0.427094
2.791016	0.283630
2.791992	0.669922
2.792969	1.000000
2.793945	-0.102020
2.794922	-0.849915
2.795898	-0.338715
2.796875	0.266388
2.797852	-0.393250
2.798828	-0.433868
2.799805	0.255615
2.800781	-0.070618
2.801758	-0.910675
2.802734	-0.641449
2.803711	0.447662
2.804687	-0.365875
2.805664	0.933197
2.806641	1.000000
2.807617	-0.795959
2.808594	-0.607635
2.809570	-0.328918
2.810547	0.173523
2.811523	-0.383087
2.812500	0.537079
2.813477	1.000000
2.814453	-0.369568
2.815430	-0.225525
2.816406	-0.140594
2.817383	0.305359
2.818359	0.469177
2.819336	0.021362
2.820312	0.107941
2.821289	-0.221558
2.822266	-0.366394
2.823242	0.300690
2.824219	0.237366
2.825195	-0.280304
2.826172	-0.338074
2.827148	-0.277374
2.828125	-0.413696
2.829102	-0.073822
2.830078	0.020569
2.831055	0.148254
2.832031	0.126892
2.833008	0.436676
2.833984	0.416016
2.834961	0.236694
2.835937	-0.888702
2.836914	-0.445801
2.837891	-0.346130
2.838867	-0.390076
2.839844	-0.854797
2.840820	0.226501
2.841797	-0.389832
2.842773	-0.376556
2.843750	0.578857
2.844727	0.134705
2.845703	0.324799
2.846680	0.332397
2.847656	-0.001587
2.848633	-0.609802
2.849609	-0.041290
2.850586	-0.252197
2.851562	-0.075256
2.852539	-0.189178
2.853516	-0.166565
2.854492	0.027191
2.855469	0.153900
2.856445	0.345795
2.857422	0.681366
2.858398	0.355865
2.859375	0.373077
2.860352	0.443756
2.861328	-0.446442
2.862305	0.637238
2.863281	-0.019409
2.864258	1.000000
2.865234	0.024872
2.866211	0.054718
2.867187	-0.083832
2.868164	-0.861542
2.869141	0.251282
2.870117	-1.000000
2.871094	0.563202
2.872070	-0.754883
2.873047	0.117798
2.874023	0.369446
2.875000	0.174164
2.875977	-0.234619
2.876953	0.459442
2.877930	-0.243408
2.878906	-0.465302
2.879883	-0.073364
2.880859	0.084320
2.881836	-0.680420
2.882812	-0.893463
2.883789	-0.989685
2.884766	0.079865
2.885742	-0.636749
2.886719	-0.064301
2.887695	-0.221771
2.888672	0.490387
2.889648	0.048737
2.890625	1.000000
2.891602	0.436401
2.892578	0.769379
2.893555	0.074188
2.894531	0.274139
2.895508	0.566498
2.896484	-0.147522
2.897461	0.309937
2.898437	-0.377930
2.899414	0.498962
2.900391	0.947723
2.901367	0.128448
2.902344	-0.508728
2.903320	-0.004913
2.904297	-0.276947
2.905273	-0.393250
2.906250	-0.081390
2.907227	-1.000000
2.908203	-0.402222
2.909180	1.000000
2.910156	1.000000
2.911133	-0.700562
2.912109	0.367401
2.913086	-0.685883
2.914062	0.026947
2.915039	-0.628784
2.916016	-0.519897
2.916992	0.075958
2.917969	0.459412
2.918945	-0.115234
2.919922	-0.344635
2.920898	-0.589203
2.921875	0.298157
2.922852	0.686798
2.923828	-0.612915
2.924805	-0.920685
2.925781	-0.429321
2.926758	0.467682
2.927734	-0.164368
2.928711	1.000000
2.929687	-0.630402
2.930664	0.106812
2.931641	-0.360474
2.932617	-0.308258
2.933594	0.672607
2.934570	0.493988
2.935547	-0.848969
2.936523	-0.398041
2.937500	0.010284
2.938477	-0.278687
2.939453	0.538971
2.940430	0.837158
2.941406	-0.138489
2.942383	0.406525
2.943359	0.746796
2.944336	-0.018463
2.945312	0.039429
2.946289	-0.491089
2.947266	0.189392
2.948242	0.447632
2.949219	-0.019867
2.950195	-0.543121
2.951172	-0.207397
2.952148	-0.759338
2.953125	-0.125610
2.954102	0.163788
2.955078	-0.126099
2.956055	0.377869
2.957031	0.546539
2.958008	-0.108917
2.958984	0.133331
2.959961	-0.176727
2.960937	-0.781433
2.961914	-0.416016
2.962891	-0.088074
2.963867	-0.679901
2.964844	0.275879
2.965820	-0.581055
2.966797	0.046356
2.967773	1.000000
2.968750	0.221924
2.969727	-0.327118
2.970703	-0.407562
2.971680	0.019287
2.972656	-0.210815
2.973633	-0.634338
2.974609	0.184570
2.975586	0.014404
2.976562	-0.028870
2.977539	0.748291
2.978516	-0.457764
2.979492	0.075043
2.980469	0.400909
2.981445	0.345154
2.982422	-0.214783
2.983398	-0.702026
2.984375	0.126160
2.985352	0.166534
2.986328	0.826599
2.987305	0.732819
2.988281	-0.124268
2.989258	0.523743
2.990234	0.662781
2.991211	-0.518890
2.992187	1.000000
2.993164	-0.626068
2.994141	0.198761
2.995117	0.234680
2.996094	0.155823
2.997070	0.184784
2.998047	-0.537292
2.999023	-0.039154
3.000000	0.091187
3.000977	0.506989
3.001953	-0.279877
3.002930	-0.278809
3.003906	1.000000
3.004883	-0.361694
3.005859	0.672882
3.006836	-0.284851
3.007812	0.249176
3.008789	-0.228760
3.009766	-0.724396
3.010742	0.358337
3.011719	-0.647705
3.012695	0.588654
3.013672	0.291443
3.014648	-0.206116
3.015625	0.457886
3.016602	-0.362244
3.017578	0.845215
3.018555	-0.468842
3.019531	-0.146271
3.020508	-0.492126
3.021484	-0.058228
3.022461	-0.123657
3.023437	0.034302
3.024414	0.661896
3.025391	0.061096
3.026367	0.593781
3.027344	1.000000
3.028320	-0.103210
3.029297	-0.841217
3.030273	0.083099
3.031250	0.426941
3.032227	-0.857391
3.033203	-0.006805
3.034180	0.469849
3.035156	0.505463
3.036133	-0.457794
3.037109	-0.006592
3.038086	-1.000000
3.039062	0.417145
3.040039	-0.674011
3.041016	0.004700
3.041992	-0.352325
3.042969	-0.008972
3.043945	0.160522
3.044922	-0.796936
3.045898	-0.122253
3.046875	-0.194489
3.047852	0.120239
3.048828	-0.399872
3.049805	0.428162
3.050781	-0.347778
3.051758	0.753937
3.052734	0.190063
3.053711	0.414795
3.054687	-0.145050
3.055664	-0.272003
3.056641	0.485474
3.057617	0.436798
3.058594	0.500702
3.059570	0.039886
3.060547	0.440369
3.061523	-0.509735
3.062500	0.838440
3.063477	0.328308
3.064453	-1.000000
3.065430	0.437714
3.066406	0.038788
3.067383	-0.477844
3.068359	-0.261444
3.069336	-0.943298
3.070312	-0.199463
3.071289	-0.401459
3.072266	0.369476
3.073242	0.414917
3.074219	-0.169678
3.075195	-0.489258
3.076172	-0.127686
3.077148	-0.139130
3.078125	-0.008728
3.079102	0.245972
3.080078	-0.157318
3.081055	0.688812
3.082031	0.320892
3.083008	-0.406738
3.083984	-0.322205
3.084961	-0.346802
3.085937	0.633209
3.086914	0.030029
3.087891	-0.804687
3.088867	0.371185
3.089844	-0.078613
3.090820	0.111938
3.091797	-0.585480
3.092773	0.189880
3.093750	-0.330566
3.094727	0.203491
3.095703	-0.167114
3.096680	-0.450897
3.097656	0.048431
3.098633	0.078552
3.099609	-0.057556
3.100586	-0.103912
3.101562	0.423401
3.102539	0.100433
3.103516	1.000000
3.104492	0.685120
3.105469	-0.347809
3.106445	-0.189423
3.107422	-0.308105
3.108398	-0.371826
3.109375	0.352386
3.110352	0.845764
3.111328	0.399719
3.112305	0.763977
3.113281	0.136322
3.114258	-0.341522
3.115234	-0.038177
3.116211	0.310974
3.117187	-0.508453
3.118164	0.412598
3.119141	-0.698029
3.120117	-0.197144
3.121094	-0.393005
3.122070	-0.072693
3.123047	0.881470
3.124023	0.297852
3.125000	0.100861
3.125977	0.646515
3.126953	0.358398
3.127930	0.849731
3.128906	1.000000
3.129883	0.385315
3.130859	0.150024
3.131836	0.447357
3.132812	-0.027435
3.133789	-0.503967
3.134766	-0.625275
3.135742	-0.070984
3.136719	-1.000000
3.137695	-0.089752
3.138672	-0.186432
3.139648	-0.251801
3.140625	-0.067841
3.141602	0.212036
3.142578	0.062561
3.143555	-0.146637
3.144531	0.211029
3.145508	-0.447937
3.146484	0.345551
3.147461	0.782623
3.148437	0.968506
3.149414	1.000000
3.150391	0.232422
3.151367	-0.748718
3.152344	0.025116
3.153320	-0.708435
3.154297	-0.002960
3.155273	-0.067535
3.156250	-0.375977
3.157227	-0.413330
3.158203	0.385681
3.159180	-0.641602
3.160156	0.439392
3.161133	-0.368134
3.162109	0.615479
3.163086	-0.567383
3.164062	0.354553
3.165039	-0.309967
3.166016	-0.380188
3.166992	0.434937
3.167969	0.168213
3.168945	-0.040039
3.169922	0.427063
3.170898	0.139130
3.171875	0.150574
3.172852	0.447662
3.173828	0.087952
3.174805	-0.479980
3.175781	-0.005005
3.176758	-0.260651
3.177734	-0.190887
3.178711	0.292480
3.179687	0.670685
3.180664	-0.720245
3.181641	-0.682678
3.182617	0.259705
3.183594	0.187592
3.184570	0.774597
3.185547	0.060516
3.186523	0.485901
3.187500	-0.205414
3.188477	-0.032349
3.189453	-1.000000
3.190430	-0.582428
3.191406	-0.898041
3.192383	-0.284851
3.193359	0.268188
3.194336	-0.506409
3.195312	-0.472870
3.196289	0.263611
3.197266	-0.065582
3.198242	0.657318
3.199219	-0.018646
3.200195	0.515869
3.201172	0.031586
3.202148	-0.049957
3.203125	0.469391
3.204102	-0.771820
3.205078	-0.272949
3.206055	0.525421
3.207031	0.089447
3.208008	0.194489
3.208984	-0.597260
3.209961	-0.002014
3.210937	0.261353
3.211914	-0.285492
3.212891	0.825317
3.213867	-0.188873
3.214844	0.182159
3.215820	-0.024017
3.216797	0.062744
3.217773	-0.778748
3.218750	-0.371185
3.219727	0.387177
3.220703	0.801453
3.221680	-0.276062
3.222656	0.535278
3.223633	-0.246338
3.224609	-0.148804
3.225586	-0.646576
3.226562	-0.528564
3.227539	0.236298
3.228516	0.057159
3.229492	-0.089264
3.230469	-0.356262
3.231445	0.855713
3.232422	-0.039490
3.233398	-0.313049
3.234375	-0.356567
3.235352	0.148590
3.236328	-0.148956
3.237305	-0.442200
3.238281	-0.508698
3.239258	0.690674
3.240234	-0.985870
3.241211	-0.428070
3.242187	-0.375061
3.243164	-0.028473
3.244141	-0.144165
3.245117	0.198883
3.246094	-0.808746
3.247070	-0.071808
3.248047	-0.510376
3.249023	-0.763580
3.250000	0.058746
3.250977	-0.205383
3.251953	-0.992920
3.252930	0.012512
3.253906	-0.367432
3.254883	-0.694031
3.255859	0.267731
3.256836	0.652008
3.257812	0.132599
3.258789	-0.433624
3.259766	0.120209
3.260742	0.095673
3.261719	-0.672699
3.262695	-0.061035
3.263672	0.033752
3.264648	0.524017
3.265625	0.357147
3.266602	-0.255280
3.267578	-0.005310
3.268555	0.760925
3.269531	0.031128
3.270508	-0.140533
3.271484	0.037994
3.272461	-0.127197
3.273437	0.895813
3.274414	-0.621918
3.275391	-0.071838
3.276367	-0.051300
3.277344	-0.148499
3.278320	0.647339
3.279297	-0.423096
3.280273	0.441040
3.281250	-0.361023
3.282227	-0.447723
3.283203	0.995880
3.284180	0.234070
3.285156	0.516205
3.286133	0.774689
3.287109	-0.158173
3.288086	0.606598
3.289062	-0.113220
3.290039	-0.448029
3.291016	0.025391
3.291992	-0.453491
3.292969	0.118500
3.293945	-0.090637
3.294922	-0.364563
3.295898	-0.784393
3.296875	0.034119
3.297852	-0.005646
3.298828	-0.619751
3.299805	0.506897
3.300781	-0.426514
3.301758	-0.006805
3.302734	-0.756561
3.303711	0.017548
3.304687	-0.463745
3.305664	-0.979523
3.306641	-0.511475
3.307617	-0.326538
3.308594	-0.365509
3.309570	0.106689
3.310547	0.681732
3.311523	0.426331
3.312500	0.610657
3.313477	0.407501
3.314453	-0.778473
3.315430	-0.556854
3.316406	-1.000000
3.317383	0.088135
3.318359	0.074036
3.319336	0.809143
3.320312	-0.524445
3.321289	-0.914337
3.322266	-0.185516
3.323242	-0.266907
3.324219	-0.228424
3.325195	-0.366882
3.326172	-0.130615
3.327148	-0.158081
3.328125	-0.118683
3.329102	0.848694
3.330078	0.398499
3.331055	-0.554504
3.332031	-0.094757
3.333008	0.172455
3.333984	-0.009583
3.334961	-0.473419
3.335937	-0.801666
3.336914	-0.106750
3.337891	-0.306000
3.338867	0.308472
3.339844	-0.085358
3.340820	-0.029907
3.341797	0.075745
3.342773	0.220428
3.343750	0.514130
3.344727	-0.082214
3.345703	0.013794
3.346680	-0.409027
3.347656	-0.371887
3.348633	-0.137970
3.349609	-0.092712
3.350586	0.296631
3.351562	1.000000
3.352539	-0.103607
3.353516	0.126160
3.354492	0.012360
3.355469	0.876740
3.356445	-0.355865
3.357422	1.000000
3.358398	0.014069
3.359375	-0.293182
3.360352	0.362488
3.361328	-0.254120
3.362305	0.757446
3.363281	0.344788
3.364258	0.240265
3.365234	0.196747
3.366211	-0.671051
3.367187	-0.183533
3.368164	0.205261
3.369141	0.375580
3.370117	0.270966
3.371094	0.347839
3.372070	-1.000000
3.373047	0.777771
3.374023	-0.061768
3.375000	-0.686890
3.375977	0.869171
3.376953	0.858551
3.377930	-0.146545
3.378906	-0.278076
3.379883	-0.179169
3.380859	-0.100433
3.381836	-0.337036
3.382812	-0.757080
3.383789	0.035461
3.384766	0.226776
3.385742	-0.845398
3.386719	0.229584
3.387695	-0.048828
3.388672	0.211334
3.389648	0.392365
3.390625	0.062164
3.391602	-0.388489
3.392578	0.906097
3.393555	-0.605652
3.394531	0.665375
3.395508	-0.569031
3.396484	0.241913
3.397461	0.825745
3.398437	0.172852
3.399414	0.639374
3.400391	-0.234070
3.401367	-0.286865
3.402344	0.023865
3.403320	1.000000
3.404297	-0.046936
3.405273	-0.667084
3.406250	-0.022278
3.407227	0.186279
3.408203	0.472198
3.409180	0.347778
3.410156	0.896759
3.411133	0.121643
3.412109	-0.617737
3.413086	0.983307
3.414062	0.191986
3.415039	-0.447815
3.416016	-0.246490
3.416992	-0.175781
3.417969	-0.510742
3.418945	0.623535
3.419922	0.123993
3.420898	-1.000000
3.421875	0.159058
3.422852	0.002350
3.423828	-0.182678
3.424805	-1.000000
3.425781	0.701630
3.426758	-0.165375
3.427734	-0.421112
3.428711	-0.576691
3.429687	-0.021057
3.430664	0.218567
3.431641	0.453766
3.432617	0.494812
3.433594	-0.103149
3.434570	0.014282
3.435547	-0.696045
3.436523	-0.313049
3.437500	-0.382660
3.438477	-0.421082
3.439453	0.092590
3.440430	0.610779
3.441406	-0.484619
3.442383	0.158051
3.443359	-0.150909
3.444336	-0.352478
3.445312	-0.425171
3.446289	0.846832
3.447266	0.846222
3.448242	0.540192
3.449219	0.065338
3.450195	-0.166504
3.451172	-0.243500
3.452148	-0.443817
3.453125	-0.504486
3.454102	0.202545
3.455078	-0.011475
3.456055	-0.404022
3.457031	-1.000000
3.458008	-0.206085
3.458984	-0.323303
3.459961	0.837128
3.460937	0.298248
3.461914	-0.234100
3.462891	0.402100
3.463867	-0.164215
3.464844	0.909302
3.465820	0.222565
3.466797	-0.304199
3.467773	-0.115356
3.468750	-0.249847
3.469727	-0.225189
3.470703	-0.185852
3.471680	-0.347992
3.472656	-0.632324
3.473633	0.182526
3.474609	-0.319275
3.475586	0.385986
3.476562	-0.233673
3.477539	0.667908
3.478516	-0.741943
3.479492	0.856812
3.480469	-0.262817
3.481445	0.102386
3.482422	0.419708
3.483398	-0.745270
3.484375	-0.318298
3.485352	-0.335602
3.486328	0.548279
3.487305	-0.216736
3.488281	0.464294
3.489258	-0.420166
3.490234	0.464417
3.491211	0.703613
3.492187	-0.633362
3.493164	0.917633
3.494141	-0.009094
3.495117	-0.651276
3.496094	0.007935
3.497070	0.453888
3.498047	-1.000000
3.499023	-0.704315
3.500000	-0.128967
3.500977	-1.000000
3.501953	1.000000
3.502930	0.351044
3.503906	-0.629211
3.504883	-0.244629
3.505859	0.274292
3.506836	0.202148
3.507812	0.342377
3.508789	0.680603
3.509766	0.101318
3.510742	-0.205444
3.511719	-1.000000
3.512695	0.349701
3.513672	-0.103851
3.514648	0.222137
3.515625	-0.200897
3.516602	0.401459
3.517578	-0.446808
3.518555	-0.476257
3.519531	-0.665283
3.520508	0.005188
3.521484	-0.621674
3.522461	-0.380615
3.523437	0.220184
3.524414	-0.407440
3.525391	0.151794
3.526367	-0.732819
3.527344	-0.269012
3.528320	0.462341
3.529297	-0.219177
3.530273	-0.088440
3.531250	0.486450
3.532227	0.384552
3.533203	-0.474060
3.534180	0.465637
3.535156	0.507599
3.536133	0.747894
3.537109	0.000641
3.538086	0.054169
3.539062	-0.213196
3.540039	-0.173279
3.541016	-0.420349
3.541992	0.314240
3.542969	-0.116302
3.543945	0.328552
3.544922	-0.125366
3.545898	-0.281952
3.546875	0.571808
3.547852	-0.151642
3.548828	-0.476379
3.549805	0.281616
3.550781	-0.169800
3.551758	0.055115
3.552734	0.525391
3.553711	-0.123016
3.554687	0.625610
3.555664	-0.001648
3.556641	-0.818695
3.557617	0.292114
3.558594	0.474365
3.559570	0.063141
3.560547	0.716705
3.561523	-0.216461
3.562500	-0.121918
3.563477	0.141479
3.564453	0.714600
3.565430	0.126251
3.566406	0.362976
3.567383	0.106689
3.568359	0.080566
3.569336	-0.293121
3.570312	-0.026459
3.571289	0.515320
3.572266	0.537323
3.573242	0.155823
3.574219	-0.166962
3.575195	0.641998
3.576172	-1.000000
3.577148	0.991394
3.578125	0.388214
3.579102	-0.018707
3.580078	0.279327
3.581055	-0.104736
3.582031	-0.611328
3.583008	-0.453888
3.583984	-0.037354
3.584961	0.054077
3.585937	-0.131287
3.586914	0.491364
3.587891	-0.268677
3.588867	-0.709137
3.589844	1.000000
3.590820	0.234924
3.591797	0.351898
3.592773	-0.744080
3.593750	-0.223206
3.594727	0.168976
3.595703	0.068085
3.596680	-0.325043
3.597656	-0.410461
3.598633	-0.321320
3.599609	-0.111755
3.600586	0.648773
3.601562	-0.713593
3.602539	0.227753
3.603516	1.000000
3.604492	-0.124176
3.605469	0.027405
3.606445	1.000000
3.607422	-0.458466
3.608398	0.126709
3.609375	-0.232086
3.610352	0.158264
3.611328	-0.102783
3.612305	-0.540833
3.613281	-0.337189
3.614258	0.586456
3.615234	-0.676788
3.616211	0.498169
3.617187	-0.365540
3.618164	0.384430
3.619141	0.582062
3.620117	-0.992676
3.621094	0.578766
3.622070	-0.024567
3.623047	-0.276855
3.624023	0.178955
3.625000	0.206299
3.625977	1.000000
3.626953	-0.627655
3.627930	-0.817902
3.628906	-0.433197
3.629883	0.384552
3.630859	0.906525
3.631836	0.147278
3.632812	-0.253357
3.633789	0.138550
3.634766	-0.264435
3.635742	0.184204
3.636719	-0.231445
3.637695	-0.212402
3.638672	-0.352539
3.639648	-0.065948
3.640625	0.445740
3.641602	0.003204
3.642578	0.230774
3.643555	0.408813
3.644531	-0.460175
3.645508	-0.415009
3.646484	0.004028
3.647461	-0.735321
3.648437	-0.627136
3.649414	-0.036957
3.650391	0.187256
3.651367	-0.613129
3.652344	-0.177368
3.653320	-0.520935
3.654297	0.599518
3.655273	0.180908
3.656250	0.525208
3.657227	-0.349762
3.658203	0.057617
3.659180	-0.379181
3.660156	-0.087280
3.661133	0.705139
3.662109	0.973480
3.663086	0.218506
3.664062	-0.379761
3.665039	0.663849
3.666016	-0.025635
3.666992	0.302307
3.667969	-0.822632
3.668945	0.331055
3.669922	0.535492
3.670898	0.583710
3.671875	-0.013611
3.672852	0.698364
3.673828	-0.266724
3.674805	-0.032074
3.675781	0.126678
3.676758	0.275665
3.677734	0.031616
3.678711	0.368286
3.679687	-0.368011
3.680664	-0.011658
3.681641	-0.544556
3.682617	0.596405
3.683594	0.275818
3.684570	-0.517029
3.685547	0.112366
3.686523	0.030640
3.687500	-0.530426
3.688477	0.310669
3.689453	0.367218
3.690430	0.258972
3.691406	0.131317
3.692383	-0.080872
3.693359	-0.184601
3.694336	0.171204
3.695312	0.212524
3.696289	-0.349792
3.697266	-0.195923
3.698242	0.054962
3.699219	-0.435181
3.700195	-0.388184
3.701172	-0.113953
3.702148	0.193390
3.703125	-0.558014
3.704102	0.441315
3.705078	-1.000000
3.706055	-0.656799
3.707031	0.375763
3.708008	-0.112762
3.708984	-0.371582
3.709961	0.131714
3.710937	-0.167786
3.711914	-0.107208
3.712891	0.065277
3.713867	-0.588562
3.714844	-0.138855
3.715820	-0.260559
3.716797	-0.335327
3.717773	-0.288208
3.718750	-0.328766
3.719727	0.382599
3.720703	-0.037628
3.721680	1.000000
3.722656	-0.294830
3.723633	0.138367
3.724609	0.179535
3.725586	0.612305
3.726562	-0.040649
3.727539	0.611298
3.728516	-0.418518
3.729492	0.483154
3.730469	-0.125610
3.731445	-0.284180
3.732422	1.000000
3.733398	-0.473541
3.734375	-0.053101
3.735352	0.076111
3.736328	0.458282
3.737305	-0.024994
3.738281	0.492981
3.739258	0.121613
3.740234	-0.516235
3.741211	-0.357971
3.742187	-0.984955
3.743164	-0.670349
3.744141	0.234009
3.745117	-0.141235
3.746094	0.415619
3.747070	0.054596
3.748047	-0.476990
3.749023	-1.000000
3.750000	0.345673
3.750977	-0.076385
3.751953	0.124329
3.752930	1.000000
3.753906	0.038757
3.754883	0.317993
3.755859	0.055756
3.756836	-0.107513
3.757812	-0.454468
3.758789	0.089111
3.759766	0.246094
3.760742	0.762756
3.761719	-0.557709
3.762695	0.233765
3.763672	-0.488586
3.764648	-0.284241
3.765625	-1.000000
3.766602	0.564056
3.767578	-0.146820
3.768555	-0.325104
3.769531	0.435822
3.770508	0.399567
3.771484	-0.268036
3.772461	-0.118469
3.773437	0.432953
3.774414	0.621460
3.775391	0.367065
3.776367	-0.194550
3.777344	-0.270294
3.778320	-0.838562
3.779297	-0.071838
3.780273	0.256714
3.781250	0.256195
3.782227	-0.689240
3.783203	-0.031921
3.784180	0.000488
3.785156	0.585175
3.786133	-0.211731
3.787109	-0.305664
3.788086	-0.181519
3.789062	-0.202698
3.790039	0.032349
3.791016	0.543701
3.791992	-0.487610
3.792969	0.216217
3.793945	0.377289
3.794922	0.175140
3.795898	0.220551
3.796875	-0.151581
3.797852	0.931793
3.798828	0.896057
3.799805	0.075073
3.800781	-0.481781
3.801758	-0.541412
3.802734	-0.078888
3.803711	0.132477
3.804687	-0.115326
3.805664	-0.299164
3.806641	-0.166443
3.807617	-0.978180
3.808594	-0.024994
3.809570	-0.918488
3.810547	0.428009
3.811523	-0.183136
3.812500	0.061462
3.813477	0.012268
3.814453	-0.302002
3.815430	-0.156860
3.816406	0.086823
3.817383	0.382172
3.818359	-0.262695
3.819336	0.068695
3.820312	0.297668
3.821289	-1.000000
3.822266	0.782501
3.823242	0.946136
3.824219	-0.295837
3.825195	0.634674
3.826172	-0.657288
3.827148	-0.621246
3.828125	-0.155609
3.829102	0.046631
3.830078	0.578308
3.831055	0.298615
3.832031	0.606628
3.833008	0.097656
3.833984	-0.297699
3.834961	-0.408661
3.835937	0.139771
3.836914	-0.840393
3.837891	0.045471
3.838867	-0.283112
3.839844	-0.811646
3.840820	-0.909821
3.841797	-0.543396
3.842773	0.706390
3.843750	-0.890778
3.844727	-0.480621
3.845703	0.820129
3.846680	-0.628876
3.847656	-0.024994
3.848633	-0.405060
3.849609	-0.980774
3.850586	-0.510010
3.851562	-0.073730
3.852539	-0.328644
3.853516	-0.372406
3.854492	-0.377350
3.855469	-1.000000
3.856445	-0.020172
3.857422	-1.000000
3.858398	-0.025269
3.859375	0.697601
3.860352	-1.000000
3.861328	-0.192139
3.862305	-0.350677
3.863281	-0.789154
3.864258	0.192413
3.865234	-0.155121
3.866211	-0.919647
3.867187	-0.305145
3.868164	-0.294647
3.869141	0.070343
3.870117	-0.631897
3.871094	-0.623627
3.872070	-0.197205
3.873047	-0.095642
3.874023	0.527008
3.875000	-0.692322
3.875977	-0.201233
3.876953	0.175842
3.877930	-0.251495
3.878906	-0.199310
3.879883	-0.130737
3.880859	0.325653
3.881836	0.190399
3.882812	0.631866
3.883789	0.453003
3.884766	0.302399
3.885742	-0.633331
3.886719	0.918091
3.887695	0.023346
3.888672	-0.052765
3.889648	-0.619904
3.890625	-0.424713
3.891602	0.310699
3.892578	0.463135
3.893555	0.428284
3.894531	0.135712
3.895508	0.938385
3.896484	-0.320923
3.897461	0.052032
3.898437	0.379578
3.899414	-0.799377
3.900391	0.453033
3.901367	-0.218140
3.902344	-0.065033
3.903320	-0.482391
3.904297	0.062073
3.905273	0.395264
3.906250	-0.485107
3.907227	-0.189758
3.908203	-0.563721
3.909180	-0.354401
3.910156	-0.139923
3.911133	0.853973
3.912109	-0.061371
3.913086	-0.817566
3.914062	-0.430054
3.915039	0.379883
3.916016	-0.046722
3.916992	-0.383484
3.917969	-0.130066
3.918945	-0.706970
3.919922	-0.140594
3.920898	0.424225
3.921875	-0.275940
3.922852	0.214142
3.923828	0.586121
3.924805	0.263092
3.925781	0.070984
3.926758	0.321136
3.927734	0.504730
3.928711	0.533356
3.929687	-0.429230
3.930664	0.257172
3.931641	0.146088
3.932617	-0.649445
3.933594	-0.607483
3.934570	0.479034
3.935547	0.238007
3.936523	-0.669342
3.937500	0.858459
3.938477	0.421570
3.939453	0.369049
3.940430	-0.533691
3.941406	-0.213501
3.942383	-0.586975
3.943359	-0.800018
3.944336	-0.331757
3.945312	-0.067200
3.946289	-0.031921
3.947266	0.130249
3.948242	0.251404
3.949219	-1.000000
3.950195	-0.040314
3.951172	-0.188995
3.952148	0.041077
3.953125	0.271179
3.954102	-0.262054
3.955078	0.436584
3.956055	-0.054962
3.957031	0.527222
3.958008	-0.325958
3.958984	0.328583
3.959961	0.263214
3.960937	0.323761
3.961914	0.042480
3.962891	0.797546
3.963867	-0.083038
3.964844	0.511200
3.965820	-0.375031
3.966797	-0.698975
3.967773	-0.562378
3.968750	0.160400
3.969727	-0.157166
3.970703	-0.354706
3.971680	-0.421814
3.972656	-0.072998
3.973633	-0.050049
3.974609	0.174591
3.975586	0.486389
3.976562	0.054901
3.977539	-0.228790
3.978516	-0.616852
3.979492	0.860535
3.980469	-0.088715
3.981445	-0.038605
3.982422	0.505676
3.983398	-0.665192
3.984375	0.146912
3.985352	0.377228
3.986328	1.000000
3.987305	-1.000000
3.988281	0.557251
3.989258	-0.584778
3.990234	0.441925
3.991211	-0.134216
3.992187	0.676178
3.993164	-0.253113
3.994141	-0.254761
3.995117	-0.444305
3.996094	-0.021240
3.997070	-0.787109
3.998047	0.559265
3.999023	-1.000000
