0.000000	0.367584
0.000977	0.643890
0.001953	0.363068
0.002930	0.203430
0.003906	0.398712
0.004883	0.810699
0.005859	0.100159
0.006836	0.281708
0.007812	0.085999
0.008789	-0.216888
0.009766	-0.212463
0.010742	-1.000000
0.011719	-0.884766
0.012695	-1.000000
0.013672	-0.285645
0.014648	0.439789
0.015625	-0.201080
0.016602	-0.226227
0.017578	0.533569
0.018555	0.189240
0.019531	0.421204
0.020508	0.910645
0.021484	0.210114
0.022461	0.128052
0.023437	0.143463
0.024414	-0.298828
0.025391	-0.492889
0.026367	-1.000000
0.027344	-1.000000
0.028320	-0.635376
0.029297	0.022919
0.030273	-0.601532
0.031250	-0.098541
0.032227	0.186462
0.033203	1.000000
0.034180	-0.017365
0.035156	0.868469
0.036133	0.501007
0.037109	0.023529
0.038086	0.208191
0.039062	-0.213257
0.040039	0.040039
0.041016	-0.091309
0.041992	-0.186005
0.042969	0.218231
0.043945	-0.591644
0.044922	-0.173859
0.045898	0.175354
0.046875	-0.170990
0.047852	0.516815
0.048828	0.201172
0.049805	0.524567
0.050781	0.536072
0.051758	0.600708
0.052734	-0.047028
0.053711	0.368988
0.054687	-0.069397
0.055664	-0.365540
0.056641	-0.055145
0.057617	-0.065765
0.058594	0.026123
0.059570	-0.766571
0.060547	-0.057922
0.061523	0.090790
0.062500	-0.033295
0.063477	0.368042
0.064453	0.427338
0.065430	1.000000
0.066406	0.128998
0.067383	0.528259
0.068359	-0.159393
0.069336	0.005737
0.070312	-0.062988
0.071289	-0.475464
0.072266	-0.554718
0.073242	-0.021942
0.074219	-0.063049
0.075195	0.260345
0.076172	-0.189758
0.077148	-0.030457
0.078125	-0.176086
0.079102	0.327118
0.080078	-0.292572
0.081055	0.585724
0.082031	0.886017
0.083008	0.865662
0.083984	0.491882
0.084961	-0.302856
0.085937	0.547668
0.086914	-0.293701
0.087891	-0.138000
0.088867	0.366608
0.089844	-0.398285
0.090820	-0.532166
0.091797	-0.199677
0.092773	0.152252
0.093750	0.071686
0.094727	0.293854
0.095703	0.428955
0.096680	0.380676
0.097656	0.212311
0.098633	0.149078
0.099609	0.466187
0.100586	0.101715
0.101562	0.506592
0.102539	-0.205139
0.103516	-0.845795
0.104492	-0.760498
0.105469	-0.444916
0.106445	-0.308105
0.107422	-0.741882
0.108398	-0.696686
0.109375	0.390320
0.110352	0.851990
0.111328	0.576294
0.112305	0.177002
0.113281	0.843994
0.114258	0.030579
0.115234	0.287018
0.116211	0.194550
0.117187	0.298065
0.118164	-0.271820
0.119141	0.107330
0.120117	-0.934326
0.121094	-0.393860
0.122070	-0.360657
0.123047	-0.373627
0.124023	-0.103607
0.125000	-0.076782
0.125977	0.314392
0.126953	-0.050049
0.127930	0.309204
0.128906	1.000000
0.129883	0.316681
0.130859	0.311981
0.131836	0.311493
0.132812	0.131165
0.133789	-0.908783
0.134766	-0.729218
0.135742	-0.107727
0.136719	-0.591675
0.137695	0.006897
0.138672	0.107788
0.139648	0.134674
0.140625	-0.109253
0.141602	0.369415
0.142578	0.396729
0.143555	0.639526
0.144531	0.719757
0.145508	0.168213
0.146484	0.256744
0.147461	0.151825
0.148437	0.274231
0.149414	0.189606
0.150391	-0.061157
0.151367	0.084045
0.152344	-0.586945
0.153320	-1.000000
0.154297	-0.962219
0.155273	-0.196411
0.156250	-0.119690
0.157227	0.061035
0.158203	0.669556
0.159180	0.521423
0.160156	0.326904
0.161133	0.018341
0.162109	0.747681
0.163086	0.459351
0.164062	-0.887238
0.165039	-0.533844
0.166016	-0.821472
0.166992	0.543457
0.167969	-0.467133
0.168945	-0.690033
0.169922	-0.471863
0.170898	-0.160889
0.171875	-0.523437
0.172852	-0.139191
0.173828	0.429993
0.174805	0.647278
0.175781	0.692535
0.176758	0.588928
0.177734	0.912872
0.178711	-0.111328
0.179687	-0.369080
0.180664	-0.292542
0.181641	0.095215
0.182617	-0.283844
0.183594	-0.279663
0.184570	-0.440613
0.185547	-0.717834
0.186523	-0.283051
0.187500	0.858307
0.188477	0.376465
0.189453	0.375000
0.190430	1.000000
0.191406	0.674164
0.192383	0.675537
0.193359	0.527924
0.194336	0.707520
0.195312	0.138580
0.196289	0.293243
0.197266	-0.916534
0.198242	-0.506134
0.199219	-1.000000
0.200195	-0.357117
0.201172	-0.924164
0.202148	-0.618164
0.203125	-0.109131
0.204102	0.233398
0.205078	0.316986
0.206055	0.886688
0.207031	0.839752
0.208008	0.488983
0.208984	0.722137
0.209961	0.270905
0.210937	-0.075409
0.211914	-0.658447
0.212891	0.375854
0.213867	-0.070435
0.214844	-0.964752
0.215820	-0.385590
0.216797	-0.379120
0.217773	-0.948853
0.218750	0.201019
0.219727	0.343750
0.220703	0.044922
0.221680	0.168030
0.222656	0.613129
0.223633	0.435730
0.224609	0.429413
0.225586	-0.200745
0.226562	-0.126801
0.227539	0.103302
0.228516	-0.416412
0.229492	-0.690247
0.230469	-0.242401
0.231445	-0.419281
0.232422	-0.676392
0.233398	0.014923
0.234375	0.280304
0.235352	0.361420
0.236328	-0.310120
0.237305	0.185028
0.238281	1.000000
0.239258	0.254242
0.240234	0.638824
0.241211	0.453247
0.242187	0.099121
0.243164	-0.522461
0.244141	-0.154358
0.245117	0.306213
0.246094	-0.764221
0.247070	-0.677856
0.248047	-0.862427
0.249023	-0.206726
0.250000	0.981079
0.250977	0.110352
0.251953	0.760437
0.252930	0.522614
0.253906	1.000000
0.254883	0.139496
0.255859	0.410309
0.256836	0.469116
0.257812	0.341309
0.258789	0.032959
0.259766	-0.770813
0.260742	-0.616821
0.261719	-1.000000
0.262695	-0.132935
0.263672	-0.742462
0.264648	-0.290833
0.265625	0.166199
0.266602	-0.224030
0.267578	0.554626
0.268555	1.000000
0.269531	0.070068
0.270508	0.642487
0.271484	0.921692
0.272461	0.289673
0.273437	-0.050140
0.274414	-0.834290
0.275391	-0.222076
0.276367	-0.553772
0.277344	-0.476166
0.278320	0.209778
0.279297	-0.132721
0.280273	-1.000000
0.281250	-0.269836
0.282227	0.951172
0.283203	0.165558
0.284180	0.509796
0.285156	-0.061920
0.286133	0.594086
0.287109	0.357605
0.288086	-0.023682
0.289062	0.490601
0.290039	-0.030151
0.291016	0.296417
0.291992	-0.371307
0.292969	-0.518646
0.293945	-0.507629
0.294922	-0.158661
0.295898	-0.673004
0.296875	0.270752
0.297852	0.753571
0.298828	0.258087
0.299805	0.900696
0.300781	0.533142
0.301758	0.519348
0.302734	1.000000
0.303711	0.093842
0.304687	-0.385223
0.305664	0.366943
0.306641	-0.513275
0.307617	-0.450409
0.308594	-0.973145
0.309570	-0.257751
0.310547	-0.172211
0.311523	0.753204
0.312500	0.423218
0.313477	0.524200
0.314453	0.386505
0.315430	0.884827
0.316406	0.445129
0.317383	0.313354
0.318359	1.000000
0.319336	-0.400452
0.320312	-0.297180
0.321289	0.227234
0.322266	-0.109772
0.323242	-0.748505
0.324219	-0.941650
0.325195	-0.681427
0.326172	-0.308044
0.327148	-0.254120
0.328125	0.058411
0.329102	0.150726
0.330078	0.428528
0.331055	1.000000
0.332031	0.622894
0.333008	0.335968
0.333984	0.942352
0.334961	0.505219
0.335937	0.047485
0.336914	-0.583527
0.337891	-0.809479
0.338867	-0.590820
0.339844	-0.621735
0.340820	-0.101593
0.341797	-0.043701
0.342773	0.203522
0.343750	-0.034912
0.344727	0.668518
0.345703	0.427704
0.346680	0.197937
0.347656	0.517883
0.348633	0.456146
0.349609	0.423523
0.350586	0.431671
0.351562	0.000458
0.352539	-0.030212
0.353516	-0.357666
0.354492	-0.209503
0.355469	-1.000000
0.356445	-0.347290
0.357422	-1.000000
0.358398	-0.520599
0.359375	0.523590
0.360352	-0.481567
0.361328	0.235626
0.362305	0.658875
0.363281	0.260986
0.364258	0.315216
0.365234	0.621124
0.366211	0.458435
0.367187	-0.376404
0.368164	0.711121
0.369141	0.058014
0.370117	-0.968536
0.371094	-0.576569
0.372070	-0.042786
0.373047	-0.654144
0.374023	-0.743164
0.375000	0.283112
0.375977	0.652466
0.376953	0.295685
0.377930	0.630859
0.378906	0.946899
0.379883	-0.155701
0.380859	0.036285
0.381836	0.091614
0.382812	-0.367035
0.383789	-0.218842
0.384766	-0.153900
0.385742	-0.485748
0.386719	-0.311493
0.387695	0.305115
0.388672	-0.191711
0.389648	0.183319
0.390625	0.572693
0.391602	0.571350
0.392578	-0.214020
0.393555	1.000000
0.394531	0.357025
0.395508	0.417114
0.396484	-0.209778
0.397461	-0.153076
0.398437	-0.316864
0.399414	-0.213135
0.400391	-1.000000
0.401367	-0.129822
0.402344	-0.891479
0.403320	-0.839722
0.404297	-0.199341
0.405273	-0.080627
0.406250	-0.206299
0.407227	-0.373840
0.408203	0.118805
0.409180	0.890961
0.410156	0.584045
0.411133	0.633972
0.412109	0.091522
0.413086	0.046600
0.414062	0.398804
0.415039	-0.245880
0.416016	-0.040161
0.416992	-0.718384
0.417969	-0.343933
0.418945	0.107758
0.419922	-0.570923
0.420898	0.125793
0.421875	-0.236816
0.422852	0.462372
0.423828	0.549408
0.424805	0.722534
0.425781	0.504425
0.426758	0.761566
0.427734	1.000000
0.428711	0.523315
0.429687	-0.862610
0.430664	-0.142944
0.431641	-0.299347
0.432617	0.239166
0.433594	-0.514343
0.434570	-0.322449
0.435547	-0.211060
0.436523	0.118256
0.437500	0.474152
0.438477	0.448792
0.439453	0.365662
0.440430	0.377045
0.441406	0.557587
0.442383	0.638367
0.443359	0.619110
0.444336	0.187836
0.445312	0.051331
0.446289	-0.842804
0.447266	0.105072
0.448242	-0.462769
0.449219	0.011841
0.450195	-0.235046
0.451172	-0.098846
0.452148	0.027832
0.453125	0.185944
0.454102	0.202972
0.455078	0.273682
0.456055	0.814148
0.457031	-0.563873
0.458008	0.454529
0.458984	0.037720
0.459961	-0.730286
0.460937	-0.385132
0.461914	-0.041779
0.462891	-0.067932
0.463867	-0.593689
0.464844	-0.487488
0.465820	-0.594086
0.466797	-0.225189
0.467773	-0.145752
0.468750	-0.773773
0.469727	-0.157166
0.470703	0.683899
0.471680	0.871094
0.472656	0.216980
0.473633	0.603912
0.474609	0.317413
0.475586	-0.103455
0.476562	-0.875641
0.477539	0.166412
0.478516	-0.179687
0.479492	-1.000000
0.480469	-0.869659
0.481445	-0.499268
0.482422	-0.454956
0.483398	-0.507843
0.484375	-0.400635
0.485352	0.351654
0.486328	0.103180
0.487305	1.000000
0.488281	0.008331
0.489258	0.167419
0.490234	0.115326
0.491211	-0.192474
0.492187	-0.136414
0.493164	-0.129700
0.494141	-0.535034
0.495117	-0.388153
0.496094	-0.622986
0.497070	0.261658
0.498047	0.037354
0.499023	-0.991638
