0.000000E+0 -8.863114E-1 3.081443E-5
9.765600E-4 3.873821E+0 3.081443E-5
1.953120E-3 1.246902E-1 3.081443E-5
2.929680E-3 -3.961441E+0 3.081443E-5
3.906240E-3 4.616907E-1 3.081443E-5
4.882800E-3 3.831696E+0 3.081443E-5
5.859360E-3 -1.223312E+0 -4.219452E-3
6.835920E-3 -3.666566E+0 -4.219452E-3
7.812480E-3 1.725443E+0 3.081443E-5
8.789040E-3 3.284070E+0 3.081443E-5
9.765600E-3 -2.402814E+0 3.081443E-5
1.074216E-2 -2.908314E+0 3.081443E-5
1.171872E-2 2.862819E+0 3.081443E-5
1.269528E-2 2.357319E+0 3.081443E-5
1.367184E-2 -3.329565E+0 3.081443E-5
1.464840E-2 -1.897313E+0 3.081443E-5
1.562496E-2 3.578946E+0 3.081443E-5
1.660152E-2 1.177817E+0 3.081443E-5
1.757808E-2 -3.835066E+0 3.081443E-5
1.855464E-2 -5.493108E-1 3.081443E-5
1.953120E-2 3.958071E+0 3.081443E-5
2.050776E-2 -2.123103E-1 3.081443E-5
2.148432E-2 -3.919316E+0 3.081443E-5
2.246088E-2 7.986912E-1 3.081443E-5
2.343744E-2 3.705321E+0 3.081443E-5
2.441400E-2 -1.518187E+0 3.081443E-5
2.539056E-2 -3.498065E+0 3.081443E-5
2.636712E-2 2.020318E+0 -4.219452E-3
2.734368E-2 3.115570E+0 3.081443E-5
2.832024E-2 -2.655564E+0 -4.219452E-3
2.929680E-2 -2.655564E+0 3.081443E-5
3.027336E-2 3.073445E+0 3.081443E-5
3.124992E-2 2.062443E+0 3.081443E-5
3.222648E-2 -3.498065E+0 3.081443E-5
3.320304E-2 -1.560312E+0 3.081443E-5
3.417960E-2 3.705321E+0 3.081443E-5
3.515616E-2 8.408163E-1 3.081443E-5
3.613272E-2 -3.877191E+0 3.081443E-5
3.710928E-2 -2.544354E-1 3.081443E-5
3.808584E-2 3.958071E+0 3.081443E-5
3.906240E-2 -5.071858E-1 -4.219452E-3
4.003896E-2 -3.835066E+0 3.081443E-5
4.101552E-2 1.135692E+0 -4.219452E-3
4.199208E-2 3.578946E+0 3.081443E-5
4.296864E-2 -1.855188E+0 3.081443E-5
4.394520E-2 -3.329565E+0 3.081443E-5
4.492176E-2 2.315194E+0 3.081443E-5
4.589832E-2 2.862819E+0 3.081443E-5
4.687488E-2 -2.908314E+0 3.081443E-5
4.785144E-2 -2.402814E+0 3.081443E-5
4.882800E-2 3.241945E+0 3.081443E-5
4.980456E-2 1.809693E+0 3.081443E-5
5.078112E-2 -3.624441E+0 3.081443E-5
5.175768E-2 -1.223312E+0 3.081443E-5
5.273424E-2 3.789571E+0 3.081443E-5
5.371080E-2 4.616907E-1 3.081443E-5
5.468736E-2 -3.961441E+0 -4.219452E-3
5.566392E-2 8.256513E-2 3.081443E-5
5.664048E-2 3.873821E+0 3.081443E-5
5.761704E-2 -8.863114E-1 3.081443E-5
5.859360E-2 -3.750816E+0 -4.219452E-3
5.957016E-2 1.430567E+0 3.081443E-5
6.054672E-2 3.494695E+0 3.081443E-5
6.152328E-2 -2.150063E+0 3.081443E-5
6.249984E-2 -3.118940E+0 3.081443E-5
6.347640E-2 2.567944E+0 -4.219452E-3
6.445296E-2 2.610069E+0 3.081443E-5
6.542952E-2 -3.118940E+0 -4.219452E-3
6.640608E-2 -2.192188E+0 3.081443E-5
6.738264E-2 3.452570E+0 3.081443E-5
6.835920E-2 1.472692E+0 -4.219452E-3
6.933576E-2 -3.750816E+0 3.081443E-5
7.031232E-2 -8.863114E-1 -4.219452E-3
7.128888E-2 3.873821E+0 3.081443E-5
7.226544E-2 1.246902E-1 3.081443E-5
7.324200E-2 -3.961441E+0 3.081443E-5
7.421856E-2 4.195656E-1 3.081443E-5
7.519512E-2 3.831696E+0 3.081443E-5
7.617168E-2 -1.223312E+0 3.081443E-5
7.714824E-2 -3.624441E+0 3.081443E-5
7.812480E-2 1.725443E+0 3.081443E-5
7.910136E-2 3.284070E+0 3.081443E-5
8.007792E-2 -2.360689E+0 3.081443E-5
8.105448E-2 -2.908314E+0 3.081443E-5
8.203104E-2 2.820694E+0 3.081443E-5
8.300760E-2 2.357319E+0 -4.219452E-3
8.398416E-2 -3.329565E+0 3.081443E-5
8.496072E-2 -1.897313E+0 3.081443E-5
8.593728E-2 3.578946E+0 3.081443E-5
8.691384E-2 1.177817E+0 3.081443E-5
8.789040E-2 -3.792941E+0 3.081443E-5
8.886696E-2 -5.493108E-1 3.081443E-5
8.984352E-2 3.915946E+0 3.081443E-5
9.082008E-2 -2.123103E-1 3.081443E-5
9.179664E-2 -3.919316E+0 3.081443E-5
9.277320E-2 7.986912E-1 3.081443E-5
9.374976E-2 3.705321E+0 3.081443E-5
9.472632E-2 -1.518187E+0 3.081443E-5
9.570288E-2 -3.498065E+0 3.081443E-5
9.667944E-2 2.062443E+0 3.081443E-5
9.765600E-2 3.073445E+0 3.081443E-5
9.863256E-2 -2.655564E+0 -4.219452E-3
9.960912E-2 -2.655564E+0 3.081443E-5
1.005857E-1 3.073445E+0 3.081443E-5
1.015622E-1 2.062443E+0 3.081443E-5
1.025388E-1 -3.455940E+0 3.081443E-5
1.035154E-1 -1.560312E+0 3.081443E-5
1.044919E-1 3.705321E+0 3.081443E-5
1.054685E-1 8.408163E-1 3.081443E-5
1.064450E-1 -3.919316E+0 3.081443E-5
1.074216E-1 -2.123103E-1 3.081443E-5
1.083982E-1 3.915946E+0 3.081443E-5
1.093747E-1 -5.071858E-1 3.081443E-5
1.103513E-1 -3.835066E+0 3.081443E-5
1.113278E-1 1.135692E+0 3.081443E-5
1.123044E-1 3.578946E+0 3.081443E-5
1.132810E-1 -1.855188E+0 3.081443E-5
1.142575E-1 -3.329565E+0 3.081443E-5
1.152341E-1 2.315194E+0 3.081443E-5
1.162106E-1 2.862819E+0 3.081443E-5
1.171872E-1 -2.908314E+0 -4.219452E-3
1.181638E-1 -2.402814E+0 3.081443E-5
1.191403E-1 3.284070E+0 3.081443E-5
1.201169E-1 1.809693E+0 3.081443E-5
1.210934E-1 -3.582316E+0 3.081443E-5
1.220700E-1 -1.223312E+0 3.081443E-5
1.230466E-1 3.831696E+0 3.081443E-5
1.240231E-1 4.616907E-1 3.081443E-5
1.249997E-1 -3.961441E+0 3.081443E-5
1.259762E-1 1.246902E-1 3.081443E-5
1.269528E-1 3.873821E+0 3.081443E-5
1.279294E-1 -8.863114E-1 3.081443E-5
1.289059E-1 -3.750816E+0 -4.219452E-3
1.298825E-1 1.472692E+0 3.081443E-5
1.308590E-1 3.452570E+0 3.081443E-5
1.318356E-1 -2.150063E+0 3.081443E-5
1.328122E-1 -3.118940E+0 3.081443E-5
1.337887E-1 2.610069E+0 3.081443E-5
1.347653E-1 2.610069E+0 3.081443E-5
1.357418E-1 -3.118940E+0 3.081443E-5
1.367184E-1 -2.150063E+0 3.081443E-5
1.376950E-1 3.410445E+0 3.081443E-5
1.386715E-1 1.472692E+0 3.081443E-5
1.396481E-1 -3.708691E+0 -4.219452E-3
1.406246E-1 -8.863114E-1 3.081443E-5
1.416012E-1 3.873821E+0 3.081443E-5
1.425778E-1 1.246902E-1 3.081443E-5
1.435543E-1 -3.961441E+0 3.081443E-5
1.445309E-1 4.616907E-1 3.081443E-5
1.455074E-1 3.831696E+0 3.081443E-5
1.464840E-1 -1.223312E+0 3.081443E-5
1.474606E-1 -3.582316E+0 3.081443E-5
1.484371E-1 1.767568E+0 -4.219452E-3
1.494137E-1 3.284070E+0 3.081443E-5
1.503902E-1 -2.402814E+0 3.081443E-5
1.513668E-1 -2.908314E+0 3.081443E-5
1.523434E-1 2.862819E+0 3.081443E-5
1.533199E-1 2.315194E+0 3.081443E-5
1.542965E-1 -3.329565E+0 -4.219452E-3
1.552730E-1 -1.855188E+0 3.081443E-5
1.562496E-1 3.578946E+0 3.081443E-5
1.572262E-1 1.135692E+0 3.081443E-5
1.582027E-1 -3.835066E+0 3.081443E-5
1.591793E-1 -5.493108E-1 3.081443E-5
1.601558E-1 3.958071E+0 3.081443E-5
1.611324E-1 -2.123103E-1 3.081443E-5
1.621090E-1 -3.919316E+0 3.081443E-5
1.630855E-1 7.986912E-1 3.081443E-5
1.640621E-1 3.705321E+0 3.081443E-5
1.650386E-1 -1.560312E+0 3.081443E-5
1.660152E-1 -3.498065E+0 3.081443E-5
1.669918E-1 2.062443E+0 3.081443E-5
1.679683E-1 3.073445E+0 3.081443E-5
1.689449E-1 -2.655564E+0 3.081443E-5
1.699214E-1 -2.655564E+0 3.081443E-5
1.708980E-1 3.073445E+0 3.081443E-5
1.718746E-1 2.062443E+0 3.081443E-5
1.728511E-1 -3.498065E+0 3.081443E-5
1.738277E-1 -1.518187E+0 3.081443E-5
1.748042E-1 3.705321E+0 3.081443E-5
1.757808E-1 7.986912E-1 3.081443E-5
1.767574E-1 -3.919316E+0 3.081443E-5
1.777339E-1 -2.123103E-1 3.081443E-5
1.787105E-1 3.958071E+0 3.081443E-5
1.796870E-1 -5.493108E-1 3.081443E-5
1.806636E-1 -3.792941E+0 3.081443E-5
1.816402E-1 1.177817E+0 3.081443E-5
1.826167E-1 3.578946E+0 3.081443E-5
1.835933E-1 -1.897313E+0 3.081443E-5
1.845698E-1 -3.329565E+0 3.081443E-5
1.855464E-1 2.357319E+0 3.081443E-5
1.865230E-1 2.820694E+0 3.081443E-5
1.874995E-1 -2.908314E+0 3.081443E-5
1.884761E-1 -2.360689E+0 3.081443E-5
1.894526E-1 3.284070E+0 3.081443E-5
1.904292E-1 1.725443E+0 3.081443E-5
1.914058E-1 -3.624441E+0 3.081443E-5
1.923823E-1 -1.181187E+0 3.081443E-5
1.933589E-1 3.831696E+0 3.081443E-5
1.943354E-1 4.195656E-1 3.081443E-5
1.953120E-1 -3.961441E+0 3.081443E-5
1.962886E-1 1.246902E-1 3.081443E-5
1.972651E-1 3.873821E+0 3.081443E-5
1.982417E-1 -9.284364E-1 3.081443E-5
1.992182E-1 -3.750816E+0 3.081443E-5
2.001948E-1 1.472692E+0 3.081443E-5
2.011714E-1 3.410445E+0 3.081443E-5
2.021479E-1 -2.192188E+0 3.081443E-5
2.031245E-1 -3.118940E+0 -4.219452E-3
2.041010E-1 2.610069E+0 3.081443E-5
2.050776E-1 2.567944E+0 3.081443E-5
2.060542E-1 -3.161065E+0 3.081443E-5
2.070307E-1 -2.065813E+0 3.081443E-5
2.080073E-1 3.494695E+0 3.081443E-5
2.089838E-1 1.388442E+0 3.081443E-5
2.099604E-1 -3.750816E+0 3.081443E-5
2.109370E-1 -8.020612E-1 3.081443E-5
2.119135E-1 3.915946E+0 3.081443E-5
2.128901E-1 4.044006E-2 3.081443E-5
2.138666E-1 -3.961441E+0 -4.219452E-3
2.148432E-1 5.459408E-1 3.081443E-5
2.158198E-1 3.789571E+0 3.081443E-5
2.167963E-1 -1.265437E+0 3.081443E-5
2.177729E-1 -3.582316E+0 3.081443E-5
2.187494E-1 1.809693E+0 3.081443E-5
2.197260E-1 3.241945E+0 3.081443E-5
2.207026E-1 -2.487064E+0 3.081443E-5
2.216791E-1 -2.824064E+0 3.081443E-5
2.226557E-1 2.904944E+0 3.081443E-5
2.236322E-1 2.273069E+0 3.081443E-5
2.246088E-1 -3.371690E+0 3.081443E-5
2.255854E-1 -1.813063E+0 3.081443E-5
2.265619E-1 3.621071E+0 3.081443E-5
2.275385E-1 1.093567E+0 3.081443E-5
2.285150E-1 -3.835066E+0 3.081443E-5
2.294916E-1 -4.650607E-1 3.081443E-5
2.304682E-1 3.958071E+0 3.081443E-5
2.314447E-1 -2.965605E-1 3.081443E-5
2.324213E-1 -3.919316E+0 3.081443E-5
2.333978E-1 8.829414E-1 3.081443E-5
2.343744E-1 3.663196E+0 3.081443E-5
2.353510E-1 -1.602437E+0 3.081443E-5
2.363275E-1 -3.455940E+0 3.081443E-5
2.373041E-1 2.146693E+0 3.081443E-5
2.382806E-1 2.989195E+0 3.081443E-5
2.392572E-1 -2.697689E+0 3.081443E-5
2.402338E-1 -2.571314E+0 3.081443E-5
2.412103E-1 3.115570E+0 3.081443E-5
2.421869E-1 1.978193E+0 3.081443E-5
2.431634E-1 -3.540190E+0 3.081443E-5
2.441400E-1 -1.476062E+0 3.081443E-5
2.451166E-1 3.705321E+0 3.081443E-5
2.460931E-1 7.144411E-1 3.081443E-5
2.470697E-1 -3.919316E+0 3.081443E-5
2.480462E-1 -8.593513E-2 3.081443E-5
2.490228E-1 3.915946E+0 3.081443E-5
2.499994E-1 -6.756860E-1 3.081443E-5
2.509759E-1 -3.792941E+0 3.081443E-5
2.519525E-1 1.262067E+0 3.081443E-5
2.529290E-1 3.536820E+0 3.081443E-5
2.539056E-1 -1.939438E+0 3.081443E-5
2.548822E-1 -3.245315E+0 3.081443E-5
2.558587E-1 2.399444E+0 3.081443E-5
2.568353E-1 2.778569E+0 3.081443E-5
2.578118E-1 -2.950440E+0 3.081443E-5
2.587884E-1 -2.318564E+0 3.081443E-5
2.597650E-1 3.326195E+0 3.081443E-5
2.607415E-1 1.683318E+0 3.081443E-5
2.617181E-1 -3.666566E+0 3.081443E-5
2.626946E-1 -1.096937E+0 3.081443E-5
2.636712E-1 3.831696E+0 3.081443E-5
2.646478E-1 3.353155E-1 3.081443E-5
2.656243E-1 -3.961441E+0 3.081443E-5
2.666009E-1 2.510654E-1 3.081443E-5
2.675774E-1 3.873821E+0 3.081443E-5
2.685540E-1 -1.012687E+0 3.081443E-5
2.695306E-1 -3.708691E+0 3.081443E-5
2.705071E-1 1.599067E+0 3.081443E-5
2.714837E-1 3.368320E+0 3.081443E-5
2.724602E-1 -2.234313E+0 -4.219452E-3
2.734368E-1 -3.034690E+0 3.081443E-5
2.744134E-1 2.694319E+0 3.081443E-5
2.753899E-1 2.525819E+0 3.081443E-5
2.763665E-1 -3.203190E+0 3.081443E-5
2.773430E-1 -2.023688E+0 3.081443E-5
2.783196E-1 3.494695E+0 3.081443E-5
2.792962E-1 1.346317E+0 3.081443E-5
2.802727E-1 -3.792941E+0 3.081443E-5
2.812493E-1 -7.178111E-1 3.081443E-5
2.822258E-1 3.873821E+0 3.081443E-5
2.832024E-1 -4.381007E-2 -4.219452E-3
2.841790E-1 -3.961441E+0 3.081443E-5
2.851555E-1 6.301910E-1 3.081443E-5
2.861321E-1 3.747446E+0 3.081443E-5
2.871086E-1 -1.349687E+0 3.081443E-5
2.880852E-1 -3.582316E+0 -4.219452E-3
2.890618E-1 1.893943E+0 3.081443E-5
2.900383E-1 3.157695E+0 3.081443E-5
2.910149E-1 -2.529189E+0 3.081443E-5
2.919914E-1 -2.781939E+0 3.081443E-5
2.929680E-1 2.947070E+0 3.081443E-5
2.939446E-1 2.188818E+0 3.081443E-5
2.949211E-1 -3.413815E+0 3.081443E-5
2.958977E-1 -1.686688E+0 3.081443E-5
2.968742E-1 3.621071E+0 3.081443E-5
2.978508E-1 9.671915E-1 -4.219452E-3
2.988274E-1 -3.835066E+0 3.081443E-5
2.998039E-1 -3.808106E-1 -4.219452E-3
3.007805E-1 3.958071E+0 3.081443E-5
3.017570E-1 -3.808106E-1 3.081443E-5
3.027336E-1 -3.877191E+0 3.081443E-5
3.037102E-1 9.671915E-1 3.081443E-5
3.046867E-1 3.663196E+0 3.081443E-5
3.056633E-1 -1.686688E+0 3.081443E-5
3.066398E-1 -3.371690E+0 3.081443E-5
3.076164E-1 2.230943E+0 3.081443E-5
3.085930E-1 2.947070E+0 3.081443E-5
3.095695E-1 -2.781939E+0 -4.219452E-3
3.105461E-1 -2.529189E+0 3.081443E-5
3.115226E-1 3.199820E+0 3.081443E-5
3.124992E-1 1.893943E+0 3.081443E-5
3.134758E-1 -3.582316E+0 3.081443E-5
3.144523E-1 -1.391812E+0 3.081443E-5
3.154289E-1 3.789571E+0 3.081443E-5
3.164054E-1 6.301910E-1 3.081443E-5
3.173820E-1 -3.919316E+0 3.081443E-5
3.183586E-1 -4.381007E-2 3.081443E-5
3.193351E-1 3.915946E+0 3.081443E-5
3.203117E-1 -7.178111E-1 3.081443E-5
3.212882E-1 -3.792941E+0 -4.219452E-3
3.222648E-1 1.346317E+0 3.081443E-5
3.232414E-1 3.494695E+0 3.081443E-5
3.242179E-1 -2.023688E+0 3.081443E-5
3.251945E-1 -3.245315E+0 3.081443E-5
3.261710E-1 2.483694E+0 3.081443E-5
3.271476E-1 2.694319E+0 3.081443E-5
3.281242E-1 -3.034690E+0 3.081443E-5
3.291007E-1 -2.234313E+0 3.081443E-5
3.300773E-1 3.368320E+0 3.081443E-5
3.310538E-1 1.556942E+0 3.081443E-5
3.320304E-1 -3.708691E+0 3.081443E-5
3.330070E-1 -1.012687E+0 3.081443E-5
3.339835E-1 3.831696E+0 3.081443E-5
3.349601E-1 2.931905E-1 3.081443E-5
3.359366E-1 -4.003566E+0 3.081443E-5
3.369132E-1 3.353155E-1 3.081443E-5
3.378898E-1 3.831696E+0 3.081443E-5
3.388663E-1 -1.096937E+0 3.081443E-5
3.398429E-1 -3.666566E+0 3.081443E-5
3.408194E-1 1.683318E+0 3.081443E-5
3.417960E-1 3.326195E+0 3.081443E-5
3.427726E-1 -2.318564E+0 3.081443E-5
3.437491E-1 -2.992565E+0 3.081443E-5
3.447257E-1 2.736444E+0 3.081443E-5
3.457022E-1 2.441569E+0 3.081443E-5
3.466788E-1 -3.245315E+0 3.081443E-5
3.476554E-1 -1.939438E+0 3.081443E-5
3.486319E-1 3.536820E+0 3.081443E-5
3.496085E-1 1.262067E+0 3.081443E-5
3.505850E-1 -3.792941E+0 3.081443E-5
3.515616E-1 -6.335610E-1 3.081443E-5
3.525382E-1 3.915946E+0 3.081443E-5
3.535147E-1 -8.593513E-2 3.081443E-5
3.544913E-1 -3.961441E+0 -4.219452E-3
3.554678E-1 7.144411E-1 3.081443E-5
3.564444E-1 3.747446E+0 3.081443E-5
3.574210E-1 -1.433937E+0 3.081443E-5
3.583975E-1 -3.540190E+0 3.081443E-5
3.593741E-1 1.978193E+0 3.081443E-5
3.603506E-1 3.115570E+0 3.081443E-5
3.613272E-1 -2.571314E+0 3.081443E-5
3.623038E-1 -2.739814E+0 3.081443E-5
3.632803E-1 2.989195E+0 3.081443E-5
3.642569E-1 2.146693E+0 3.081443E-5
3.652334E-1 -3.455940E+0 3.081443E-5
3.662100E-1 -1.602437E+0 3.081443E-5
3.671866E-1 3.663196E+0 3.081443E-5
3.681631E-1 9.250664E-1 3.081443E-5
3.691397E-1 -3.877191E+0 3.081443E-5
3.701162E-1 -2.965605E-1 3.081443E-5
3.710928E-1 3.958071E+0 3.081443E-5
3.720694E-1 -4.650607E-1 3.081443E-5
3.730459E-1 -3.877191E+0 -4.219452E-3
3.740225E-1 1.051442E+0 3.081443E-5
3.749990E-1 3.578946E+0 3.081443E-5
3.759756E-1 -1.770938E+0 3.081443E-5
3.769522E-1 -3.371690E+0 3.081443E-5
3.779287E-1 2.273069E+0 -4.219452E-3
3.789053E-1 2.904944E+0 3.081443E-5
3.798818E-1 -2.824064E+0 3.081443E-5
3.808584E-1 -2.444939E+0 -4.219452E-3
3.818350E-1 3.199820E+0 3.081443E-5
3.828115E-1 1.809693E+0 3.081443E-5
3.837881E-1 -3.582316E+0 3.081443E-5
3.847646E-1 -1.307562E+0 3.081443E-5
3.857412E-1 3.789571E+0 3.081443E-5
3.867178E-1 5.459408E-1 3.081443E-5
3.876943E-1 -3.919316E+0 3.081443E-5
3.886709E-1 8.256513E-2 3.081443E-5
3.896474E-1 3.873821E+0 3.081443E-5
3.906240E-1 -8.441863E-1 -4.219452E-3
3.916006E-1 -3.750816E+0 3.081443E-5
3.925771E-1 1.388442E+0 3.081443E-5
3.935537E-1 3.452570E+0 3.081443E-5
3.945302E-1 -2.065813E+0 3.081443E-5
3.955068E-1 -3.203190E+0 3.081443E-5
3.964834E-1 2.525819E+0 3.081443E-5
3.974599E-1 2.652194E+0 3.081443E-5
3.984365E-1 -3.076815E+0 3.081443E-5
3.994130E-1 -2.150063E+0 3.081443E-5
4.003896E-1 3.452570E+0 3.081443E-5
4.013662E-1 1.514817E+0 3.081443E-5
4.023427E-1 -3.750816E+0 3.081443E-5
4.033193E-1 -9.284364E-1 3.081443E-5
4.042958E-1 3.873821E+0 3.081443E-5
4.052724E-1 1.668153E-1 3.081443E-5
4.062490E-1 -3.961441E+0 3.081443E-5
4.072255E-1 4.195656E-1 3.081443E-5
4.082021E-1 3.831696E+0 3.081443E-5
4.091786E-1 -1.181187E+0 3.081443E-5
4.101552E-1 -3.666566E+0 3.081443E-5
4.111318E-1 1.725443E+0 3.081443E-5
4.121083E-1 3.284070E+0 3.081443E-5
4.130849E-1 -2.402814E+0 3.081443E-5
4.140614E-1 -2.950440E+0 3.081443E-5
4.150380E-1 2.820694E+0 3.081443E-5
4.160146E-1 2.357319E+0 3.081443E-5
4.169911E-1 -3.287440E+0 3.081443E-5
4.179677E-1 -1.897313E+0 3.081443E-5
4.189442E-1 3.578946E+0 3.081443E-5
4.199208E-1 1.177817E+0 3.081443E-5
4.208974E-1 -3.835066E+0 3.081443E-5
4.218739E-1 -5.493108E-1 3.081443E-5
4.228505E-1 3.915946E+0 3.081443E-5
4.238270E-1 -2.123103E-1 -4.219452E-3
4.248036E-1 -3.919316E+0 -4.219452E-3
4.257802E-1 7.565662E-1 3.081443E-5
4.267567E-1 3.705321E+0 3.081443E-5
4.277333E-1 -1.518187E+0 3.081443E-5
4.287098E-1 -3.498065E+0 -4.219452E-3
4.296864E-1 2.062443E+0 3.081443E-5
4.306630E-1 3.073445E+0 3.081443E-5
4.316395E-1 -2.655564E+0 3.081443E-5
4.326161E-1 -2.697689E+0 3.081443E-5
4.335926E-1 3.031320E+0 3.081443E-5
4.345692E-1 2.062443E+0 3.081443E-5
4.355458E-1 -3.498065E+0 3.081443E-5
4.365223E-1 -1.560312E+0 3.081443E-5
4.374989E-1 3.705321E+0 3.081443E-5
4.384754E-1 8.408163E-1 3.081443E-5
4.394520E-1 -3.919316E+0 3.081443E-5
4.404286E-1 -2.123103E-1 3.081443E-5
4.414051E-1 3.915946E+0 3.081443E-5
4.423817E-1 -5.493108E-1 3.081443E-5
4.433582E-1 -3.877191E+0 -4.219452E-3
4.443348E-1 1.135692E+0 3.081443E-5
4.453114E-1 3.578946E+0 3.081443E-5
4.462879E-1 -1.855188E+0 3.081443E-5
4.472645E-1 -3.329565E+0 3.081443E-5
4.482410E-1 2.357319E+0 3.081443E-5
4.492176E-1 2.862819E+0 3.081443E-5
4.501942E-1 -2.908314E+0 3.081443E-5
4.511707E-1 -2.402814E+0 3.081443E-5
4.521473E-1 3.241945E+0 3.081443E-5
4.531238E-1 1.767568E+0 3.081443E-5
4.541004E-1 -3.624441E+0 3.081443E-5
4.550770E-1 -1.223312E+0 3.081443E-5
4.560535E-1 3.831696E+0 3.081443E-5
4.570301E-1 4.616907E-1 3.081443E-5
4.580066E-1 -3.919316E+0 3.081443E-5
4.589832E-1 1.668153E-1 3.081443E-5
4.599598E-1 3.873821E+0 3.081443E-5
4.609363E-1 -8.863114E-1 3.081443E-5
4.619129E-1 -3.750816E+0 3.081443E-5
4.628894E-1 1.472692E+0 -4.219452E-3
4.638660E-1 3.452570E+0 3.081443E-5
4.648426E-1 -2.150063E+0 -4.219452E-3
4.658191E-1 -3.118940E+0 3.081443E-5
4.667957E-1 2.610069E+0 3.081443E-5
4.677722E-1 2.610069E+0 3.081443E-5
4.687488E-1 -3.118940E+0 3.081443E-5
4.697254E-1 -2.150063E+0 3.081443E-5
4.707019E-1 3.452570E+0 3.081443E-5
4.716785E-1 1.430567E+0 3.081443E-5
4.726550E-1 -3.750816E+0 -4.219452E-3
4.736316E-1 -8.441863E-1 3.081443E-5
4.746082E-1 3.873821E+0 3.081443E-5
4.755847E-1 1.246902E-1 3.081443E-5
4.765613E-1 -3.961441E+0 3.081443E-5
4.775378E-1 5.038158E-1 3.081443E-5
4.785144E-1 3.831696E+0 3.081443E-5
4.794910E-1 -1.223312E+0 3.081443E-5
4.804675E-1 -3.582316E+0 3.081443E-5
4.814441E-1 1.809693E+0 3.081443E-5
4.824206E-1 3.241945E+0 3.081443E-5
4.833972E-1 -2.444939E+0 3.081443E-5
4.843738E-1 -2.908314E+0 3.081443E-5
4.853503E-1 2.820694E+0 3.081443E-5
4.863269E-1 2.315194E+0 -4.219452E-3
4.873034E-1 -3.329565E+0 3.081443E-5
4.882800E-1 -1.813063E+0 3.081443E-5
4.892566E-1 3.621071E+0 3.081443E-5
4.902331E-1 1.135692E+0 3.081443E-5
4.912097E-1 -3.835066E+0 3.081443E-5
4.921862E-1 -5.071858E-1 3.081443E-5
4.931628E-1 3.915946E+0 3.081443E-5
4.941394E-1 -2.544354E-1 3.081443E-5
4.951159E-1 -3.919316E+0 3.081443E-5
4.960925E-1 8.408163E-1 3.081443E-5
4.970690E-1 3.705321E+0 3.081443E-5
4.980456E-1 -1.560312E+0 3.081443E-5
4.990222E-1 -3.455940E+0 3.081443E-5
4.999987E-1 2.146693E+0 3.081443E-5
5.009753E-1 3.031320E+0 3.081443E-5
5.019518E-1 -2.697689E+0 3.081443E-5
5.029284E-1 -2.655564E+0 3.081443E-5
5.039050E-1 3.073445E+0 3.081443E-5
5.048815E-1 2.020318E+0 3.081443E-5
5.058581E-1 -3.498065E+0 3.081443E-5
5.068346E-1 -1.518187E+0 3.081443E-5
5.078112E-1 3.705321E+0 3.081443E-5
5.087878E-1 7.565662E-1 3.081443E-5
5.097643E-1 -3.919316E+0 3.081443E-5
5.107409E-1 -1.280602E-1 3.081443E-5
5.117174E-1 3.915946E+0 -4.219452E-3
5.126940E-1 -6.756860E-1 3.081443E-5
5.136706E-1 -3.835066E+0 3.081443E-5
5.146471E-1 1.177817E+0 -4.219452E-3
5.156237E-1 3.536820E+0 3.081443E-5
5.166002E-1 -1.855188E+0 -4.219452E-3
5.175768E-1 -3.287440E+0 -4.219452E-3
5.185534E-1 2.399444E+0 3.081443E-5
5.195299E-1 2.820694E+0 3.081443E-5
5.205065E-1 -2.908314E+0 3.081443E-5
5.214830E-1 -2.360689E+0 3.081443E-5
5.224596E-1 3.284070E+0 3.081443E-5
5.234362E-1 1.725443E+0 3.081443E-5
5.244127E-1 -3.666566E+0 3.081443E-5
5.253893E-1 -1.181187E+0 3.081443E-5
5.263658E-1 3.831696E+0 3.081443E-5
5.273424E-1 3.774406E-1 3.081443E-5
5.283190E-1 -3.961441E+0 3.081443E-5
5.292955E-1 2.089403E-1 3.081443E-5
5.302721E-1 3.873821E+0 3.081443E-5
5.312486E-1 -9.705615E-1 3.081443E-5
5.322252E-1 -3.750816E+0 3.081443E-5
5.332018E-1 1.514817E+0 3.081443E-5
5.341783E-1 3.410445E+0 3.081443E-5
5.351549E-1 -2.234313E+0 3.081443E-5
5.361314E-1 -3.076815E+0 -4.219452E-3
5.371080E-1 2.652194E+0 3.081443E-5
5.380846E-1 2.567944E+0 3.081443E-5
5.390611E-1 -3.161065E+0 -4.219452E-3
5.400377E-1 -2.065813E+0 3.081443E-5
5.410142E-1 3.494695E+0 3.081443E-5
5.419908E-1 1.388442E+0 3.081443E-5
5.429674E-1 -3.750816E+0 3.081443E-5
5.439439E-1 -8.020612E-1 3.081443E-5
5.449205E-1 3.873821E+0 3.081443E-5
5.458970E-1 4.044006E-2 3.081443E-5
5.468736E-1 -3.961441E+0 3.081443E-5
5.478502E-1 5.880659E-1 3.081443E-5
5.488267E-1 3.789571E+0 3.081443E-5
5.498033E-1 -1.307562E+0 3.081443E-5
5.507798E-1 -3.582316E+0 3.081443E-5
5.517564E-1 1.851818E+0 3.081443E-5
5.527330E-1 3.199820E+0 3.081443E-5
5.537095E-1 -2.487064E+0 3.081443E-5
5.546861E-1 -2.824064E+0 3.081443E-5
5.556626E-1 2.904944E+0 3.081443E-5
5.566392E-1 2.273069E+0 3.081443E-5
5.576158E-1 -3.371690E+0 3.081443E-5
5.585923E-1 -1.728813E+0 3.081443E-5
5.595689E-1 3.663196E+0 3.081443E-5
5.605454E-1 1.009317E+0 3.081443E-5
5.615220E-1 -3.877191E+0 3.081443E-5
5.624986E-1 -4.229357E-1 3.081443E-5
5.634751E-1 3.915946E+0 3.081443E-5
5.644517E-1 -3.386855E-1 3.081443E-5
5.654282E-1 -3.877191E+0 3.081443E-5
5.664048E-1 9.250664E-1 3.081443E-5
5.673814E-1 3.663196E+0 3.081443E-5
5.683579E-1 -1.602437E+0 3.081443E-5
5.693345E-1 -3.413815E+0 3.081443E-5
5.703110E-1 2.188818E+0 3.081443E-5
5.712876E-1 2.989195E+0 3.081443E-5
5.722642E-1 -2.781939E+0 3.081443E-5
5.732407E-1 -2.571314E+0 3.081443E-5
5.742173E-1 3.157695E+0 3.081443E-5
5.751938E-1 1.978193E+0 3.081443E-5
5.761704E-1 -3.582316E+0 3.081443E-5
5.771470E-1 -1.433937E+0 3.081443E-5
5.781235E-1 3.747446E+0 3.081443E-5
5.791001E-1 6.723160E-1 3.081443E-5
5.800766E-1 -3.919316E+0 -4.219452E-3
5.810532E-1 -8.593513E-2 3.081443E-5
5.820298E-1 3.915946E+0 3.081443E-5
5.830063E-1 -6.756860E-1 3.081443E-5
5.839829E-1 -3.792941E+0 3.081443E-5
5.849594E-1 1.262067E+0 3.081443E-5
5.859360E-1 3.536820E+0 3.081443E-5
5.869126E-1 -1.939438E+0 3.081443E-5
5.878891E-1 -3.245315E+0 3.081443E-5
5.888657E-1 2.483694E+0 3.081443E-5
5.898422E-1 2.736444E+0 3.081443E-5
5.908188E-1 -3.034690E+0 3.081443E-5
5.917954E-1 -2.276439E+0 3.081443E-5
5.927719E-1 3.326195E+0 3.081443E-5
5.937485E-1 1.641193E+0 -4.219452E-3
5.947250E-1 -3.666566E+0 3.081443E-5
5.957016E-1 -1.096937E+0 3.081443E-5
5.966782E-1 3.831696E+0 3.081443E-5
5.976547E-1 3.353155E-1 3.081443E-5
5.986313E-1 -3.961441E+0 -4.219452E-3
5.996078E-1 2.931905E-1 3.081443E-5
6.005844E-1 3.831696E+0 3.081443E-5
6.015610E-1 -1.054812E+0 3.081443E-5
6.025375E-1 -3.708691E+0 3.081443E-5
6.035141E-1 1.556942E+0 3.081443E-5
6.044906E-1 3.326195E+0 3.081443E-5
6.054672E-1 -2.276439E+0 3.081443E-5
6.064438E-1 -3.034690E+0 3.081443E-5
6.074203E-1 2.736444E+0 3.081443E-5
6.083969E-1 2.483694E+0 3.081443E-5
6.093734E-1 -3.203190E+0 3.081443E-5
6.103500E-1 -2.023688E+0 -4.219452E-3
6.113266E-1 3.494695E+0 3.081443E-5
6.123031E-1 1.304192E+0 3.081443E-5
6.132797E-1 -3.792941E+0 3.081443E-5
6.142562E-1 -7.178111E-1 -4.219452E-3
6.152328E-1 3.915946E+0 3.081443E-5
6.162094E-1 -4.381007E-2 3.081443E-5
6.171859E-1 -3.919316E+0 3.081443E-5
6.181625E-1 6.301910E-1 3.081443E-5
6.191390E-1 3.789571E+0 3.081443E-5
6.201156E-1 -1.391812E+0 3.081443E-5
6.210922E-1 -3.582316E+0 3.081443E-5
6.220687E-1 1.893943E+0 3.081443E-5
6.230453E-1 3.157695E+0 3.081443E-5
6.240218E-1 -2.571314E+0 -4.219452E-3
6.249984E-1 -2.781939E+0 3.081443E-5
6.259750E-1 2.904944E+0 3.081443E-5
6.269515E-1 2.188818E+0 3.081443E-5
6.279281E-1 -3.371690E+0 3.081443E-5
6.289046E-1 -1.686688E+0 3.081443E-5
6.298812E-1 3.663196E+0 3.081443E-5
6.308578E-1 9.671915E-1 -4.219452E-3
6.318343E-1 -3.877191E+0 3.081443E-5
6.328109E-1 -3.808106E-1 3.081443E-5
6.337874E-1 3.915946E+0 -4.219452E-3
6.347640E-1 -3.808106E-1 3.081443E-5
6.357406E-1 -3.877191E+0 3.081443E-5
6.367171E-1 9.671915E-1 3.081443E-5
6.376937E-1 3.663196E+0 3.081443E-5
6.386702E-1 -1.686688E+0 3.081443E-5
6.396468E-1 -3.413815E+0 3.081443E-5
6.406234E-1 2.230943E+0 3.081443E-5
6.415999E-1 2.947070E+0 3.081443E-5
6.425765E-1 -2.824064E+0 -4.219452E-3
6.435530E-1 -2.529189E+0 3.081443E-5
6.445296E-1 3.157695E+0 3.081443E-5
6.455062E-1 1.893943E+0 3.081443E-5
6.464827E-1 -3.582316E+0 3.081443E-5
6.474593E-1 -1.349687E+0 3.081443E-5
6.484358E-1 3.831696E+0 3.081443E-5
6.494124E-1 5.880659E-1 3.081443E-5
6.503890E-1 -3.919316E+0 -4.219452E-3
6.513655E-1 -1.685003E-3 3.081443E-5
6.523421E-1 3.915946E+0 3.081443E-5
6.533186E-1 -7.599362E-1 3.081443E-5
6.542952E-1 -3.835066E+0 3.081443E-5
6.552718E-1 1.304192E+0 3.081443E-5
6.562483E-1 3.494695E+0 3.081443E-5
6.572249E-1 -2.023688E+0 3.081443E-5
6.582014E-1 -3.203190E+0 3.081443E-5
6.591780E-1 2.525819E+0 3.081443E-5
6.601546E-1 2.694319E+0 3.081443E-5
6.611311E-1 -3.034690E+0 3.081443E-5
6.621077E-1 -2.234313E+0 -4.219452E-3
6.630842E-1 3.368320E+0 3.081443E-5
6.640608E-1 1.556942E+0 3.081443E-5
6.650374E-1 -3.708691E+0 3.081443E-5
6.660139E-1 -1.054812E+0 3.081443E-5
6.669905E-1 3.873821E+0 3.081443E-5
6.679670E-1 2.510654E-1 3.081443E-5
6.689436E-1 -3.961441E+0 3.081443E-5
6.699202E-1 3.774406E-1 3.081443E-5
6.708967E-1 3.831696E+0 -4.219452E-3
6.718733E-1 -1.139062E+0 3.081443E-5
6.728498E-1 -3.666566E+0 3.081443E-5
6.738264E-1 1.641193E+0 3.081443E-5
6.748030E-1 3.326195E+0 -4.219452E-3
6.757795E-1 -2.318564E+0 3.081443E-5
6.767561E-1 -2.950440E+0 3.081443E-5
6.777326E-1 2.778569E+0 3.081443E-5
6.787092E-1 2.441569E+0 3.081443E-5
6.796858E-1 -3.245315E+0 3.081443E-5
6.806623E-1 -1.939438E+0 -4.219452E-3
6.816389E-1 3.536820E+0 3.081443E-5
6.826154E-1 1.219942E+0 3.081443E-5
6.835920E-1 -3.792941E+0 3.081443E-5
6.845686E-1 -6.756860E-1 3.081443E-5
6.855451E-1 3.915946E+0 3.081443E-5
6.865217E-1 -1.280602E-1 3.081443E-5
6.874982E-1 -3.919316E+0 3.081443E-5
6.884748E-1 7.144411E-1 3.081443E-5
6.894514E-1 3.747446E+0 3.081443E-5
6.904279E-1 -1.476062E+0 3.081443E-5
6.914045E-1 -3.540190E+0 3.081443E-5
6.923810E-1 1.978193E+0 3.081443E-5
6.933576E-1 3.115570E+0 3.081443E-5
6.943342E-1 -2.613439E+0 3.081443E-5
6.953107E-1 -2.739814E+0 3.081443E-5
6.962873E-1 2.989195E+0 3.081443E-5
6.972638E-1 2.146693E+0 3.081443E-5
6.982404E-1 -3.413815E+0 3.081443E-5
6.992170E-1 -1.602437E+0 3.081443E-5
7.001935E-1 3.705321E+0 3.081443E-5
7.011701E-1 8.829414E-1 3.081443E-5
7.021466E-1 -3.919316E+0 3.081443E-5
7.031232E-1 -2.965605E-1 3.081443E-5
7.040998E-1 3.915946E+0 3.081443E-5
7.050763E-1 -5.071858E-1 3.081443E-5
7.060529E-1 -3.877191E+0 3.081443E-5
7.070294E-1 1.051442E+0 3.081443E-5
7.080060E-1 3.621071E+0 3.081443E-5
7.089826E-1 -1.770938E+0 -4.219452E-3
7.099591E-1 -3.329565E+0 -4.219452E-3
7.109357E-1 2.315194E+0 3.081443E-5
7.119122E-1 2.862819E+0 3.081443E-5
7.128888E-1 -2.866189E+0 3.081443E-5
7.138654E-1 -2.487064E+0 3.081443E-5
7.148419E-1 3.199820E+0 3.081443E-5
7.158185E-1 1.809693E+0 3.081443E-5
7.167950E-1 -3.582316E+0 3.081443E-5
7.177716E-1 -1.265437E+0 3.081443E-5
7.187482E-1 3.831696E+0 3.081443E-5
7.197247E-1 5.459408E-1 3.081443E-5
7.207013E-1 -3.961441E+0 3.081443E-5
7.216778E-1 8.256513E-2 3.081443E-5
7.226544E-1 3.915946E+0 3.081443E-5
7.236310E-1 -8.441863E-1 3.081443E-5
7.246075E-1 -3.750816E+0 3.081443E-5
7.255841E-1 1.388442E+0 3.081443E-5
7.265606E-1 3.452570E+0 3.081443E-5
7.275372E-1 -2.065813E+0 3.081443E-5
7.285138E-1 -3.161065E+0 3.081443E-5
7.294903E-1 2.567944E+0 3.081443E-5
7.304669E-1 2.652194E+0 3.081443E-5
7.314434E-1 -3.118940E+0 -4.219452E-3
7.324200E-1 -2.192188E+0 3.081443E-5
7.333966E-1 3.410445E+0 3.081443E-5
7.343731E-1 1.472692E+0 3.081443E-5
7.353497E-1 -3.708691E+0 -4.219452E-3
7.363262E-1 -9.284364E-1 3.081443E-5
7.373028E-1 3.873821E+0 3.081443E-5
7.382794E-1 2.089403E-1 3.081443E-5
7.392559E-1 -3.961441E+0 3.081443E-5
7.402325E-1 4.616907E-1 3.081443E-5
7.412090E-1 3.831696E+0 3.081443E-5
7.421856E-1 -1.181187E+0 3.081443E-5
7.431622E-1 -3.624441E+0 3.081443E-5
7.441387E-1 1.725443E+0 3.081443E-5
7.451153E-1 3.284070E+0 3.081443E-5
7.460918E-1 -2.402814E+0 3.081443E-5
7.470684E-1 -2.908314E+0 3.081443E-5
7.480450E-1 2.820694E+0 3.081443E-5
7.490215E-1 2.357319E+0 -4.219452E-3
7.499981E-1 -3.287440E+0 3.081443E-5
7.509746E-1 -1.855188E+0 -4.219452E-3
7.519512E-1 3.578946E+0 3.081443E-5
7.529278E-1 1.135692E+0 3.081443E-5
7.539043E-1 -3.877191E+0 3.081443E-5
7.548809E-1 -5.914359E-1 3.081443E-5
7.558574E-1 3.915946E+0 3.081443E-5
7.568340E-1 -1.701853E-1 3.081443E-5
7.578106E-1 -3.877191E+0 -4.219452E-3
7.587871E-1 7.986912E-1 3.081443E-5
7.597637E-1 3.705321E+0 3.081443E-5
7.607402E-1 -1.518187E+0 3.081443E-5
7.617168E-1 -3.498065E+0 3.081443E-5
7.626934E-1 2.020318E+0 3.081443E-5
7.636699E-1 3.073445E+0 3.081443E-5
7.646465E-1 -2.655564E+0 3.081443E-5
7.656230E-1 -2.697689E+0 -4.219452E-3
7.665996E-1 3.073445E+0 3.081443E-5
7.675762E-1 2.062443E+0 3.081443E-5
7.685527E-1 -3.498065E+0 3.081443E-5
7.695293E-1 -1.518187E+0 3.081443E-5
7.705058E-1 3.705321E+0 3.081443E-5
7.714824E-1 7.986912E-1 3.081443E-5
7.724590E-1 -3.919316E+0 -4.219452E-3
7.734355E-1 -2.123103E-1 3.081443E-5
7.744121E-1 3.915946E+0 3.081443E-5
7.753886E-1 -5.493108E-1 3.081443E-5
7.763652E-1 -3.835066E+0 3.081443E-5
7.773418E-1 1.135692E+0 3.081443E-5
7.783183E-1 3.621071E+0 3.081443E-5
7.792949E-1 -1.855188E+0 3.081443E-5
7.802714E-1 -3.287440E+0 3.081443E-5
7.812480E-1 2.357319E+0 3.081443E-5
7.822246E-1 2.820694E+0 3.081443E-5
7.832011E-1 -2.908314E+0 3.081443E-5
7.841777E-1 -2.444939E+0 3.081443E-5
7.851542E-1 3.241945E+0 3.081443E-5
7.861308E-1 1.725443E+0 3.081443E-5
7.871074E-1 -3.624441E+0 3.081443E-5
7.880839E-1 -1.181187E+0 3.081443E-5
7.890605E-1 3.831696E+0 3.081443E-5
7.900370E-1 4.616907E-1 3.081443E-5
7.910136E-1 -3.919316E+0 3.081443E-5
7.919902E-1 1.668153E-1 3.081443E-5
7.929667E-1 3.873821E+0 3.081443E-5
7.939433E-1 -9.284364E-1 3.081443E-5
7.949198E-1 -3.750816E+0 -4.219452E-3
7.958964E-1 1.472692E+0 3.081443E-5
7.968730E-1 3.410445E+0 3.081443E-5
7.978495E-1 -2.150063E+0 3.081443E-5
7.988261E-1 -3.076815E+0 3.081443E-5
7.998026E-1 2.652194E+0 3.081443E-5
8.007792E-1 2.610069E+0 3.081443E-5
8.017558E-1 -3.161065E+0 3.081443E-5
8.027323E-1 -2.107938E+0 -4.219452E-3
8.037089E-1 3.452570E+0 3.081443E-5
8.046854E-1 1.430567E+0 3.081443E-5
8.056620E-1 -3.750816E+0 3.081443E-5
8.066386E-1 -8.441863E-1 3.081443E-5
8.076151E-1 3.915946E+0 3.081443E-5
8.085917E-1 8.256513E-2 3.081443E-5
8.095682E-1 -3.919316E+0 -4.219452E-3
8.105448E-1 5.459408E-1 3.081443E-5
8.115214E-1 3.831696E+0 3.081443E-5
8.124979E-1 -1.265437E+0 3.081443E-5
8.134745E-1 -3.624441E+0 3.081443E-5
8.144510E-1 1.809693E+0 3.081443E-5
8.154276E-1 3.241945E+0 3.081443E-5
8.164042E-1 -2.402814E+0 3.081443E-5
8.173807E-1 -2.866189E+0 3.081443E-5
8.183573E-1 2.862819E+0 3.081443E-5
8.193338E-1 2.315194E+0 3.081443E-5
8.203104E-1 -3.329565E+0 3.081443E-5
8.212870E-1 -1.770938E+0 3.081443E-5
8.222635E-1 3.621071E+0 3.081443E-5
8.232401E-1 1.093567E+0 3.081443E-5
8.242166E-1 -3.877191E+0 -4.219452E-3
8.251932E-1 -5.071858E-1 3.081443E-5
8.261698E-1 3.915946E+0 3.081443E-5
8.271463E-1 -2.544354E-1 3.081443E-5
8.281229E-1 -3.877191E+0 3.081443E-5
8.290994E-1 8.829414E-1 3.081443E-5
8.300760E-1 3.705321E+0 3.081443E-5
8.310526E-1 -1.602437E+0 3.081443E-5
8.320291E-1 -3.455940E+0 3.081443E-5
8.330057E-1 2.146693E+0 3.081443E-5
8.339822E-1 2.989195E+0 -4.219452E-3
8.349588E-1 -2.739814E+0 3.081443E-5
8.359354E-1 -2.655564E+0 3.081443E-5
8.369119E-1 3.115570E+0 3.081443E-5
8.378885E-1 2.020318E+0 3.081443E-5
8.388650E-1 -3.498065E+0 -4.219452E-3
8.398416E-1 -1.476062E+0 3.081443E-5
8.408182E-1 3.747446E+0 3.081443E-5
8.417947E-1 7.565662E-1 3.081443E-5
8.427713E-1 -3.919316E+0 3.081443E-5
8.437478E-1 -1.701853E-1 3.081443E-5
8.447244E-1 3.915946E+0 3.081443E-5
8.457010E-1 -6.335610E-1 3.081443E-5
8.466775E-1 -3.835066E+0 3.081443E-5
8.476541E-1 1.219942E+0 3.081443E-5
8.486306E-1 3.578946E+0 3.081443E-5
8.496072E-1 -1.897313E+0 3.081443E-5
8.505838E-1 -3.245315E+0 3.081443E-5
8.515603E-1 2.399444E+0 3.081443E-5
8.525369E-1 2.778569E+0 3.081443E-5
8.535134E-1 -2.992565E+0 3.081443E-5
8.544900E-1 -2.318564E+0 3.081443E-5
8.554666E-1 3.284070E+0 3.081443E-5
8.564431E-1 1.683318E+0 3.081443E-5
8.574197E-1 -3.666566E+0 3.081443E-5
8.583962E-1 -1.139062E+0 3.081443E-5
8.593728E-1 3.873821E+0 3.081443E-5
8.603494E-1 3.774406E-1 3.081443E-5
8.613259E-1 -3.919316E+0 -4.219452E-3
8.623025E-1 2.510654E-1 3.081443E-5
8.632790E-1 3.873821E+0 3.081443E-5
8.642556E-1 -1.012687E+0 3.081443E-5
8.652322E-1 -3.708691E+0 3.081443E-5
8.662087E-1 1.556942E+0 3.081443E-5
8.671853E-1 3.410445E+0 3.081443E-5
8.681618E-1 -2.234313E+0 -4.219452E-3
8.691384E-1 -3.034690E+0 3.081443E-5
8.701150E-1 2.694319E+0 3.081443E-5
8.710915E-1 2.525819E+0 3.081443E-5
8.720681E-1 -3.161065E+0 3.081443E-5
8.730446E-1 -2.023688E+0 3.081443E-5
8.740212E-1 3.494695E+0 3.081443E-5
8.749978E-1 1.346317E+0 3.081443E-5
8.759743E-1 -3.792941E+0 3.081443E-5
8.769509E-1 -7.599362E-1 3.081443E-5
8.779274E-1 3.915946E+0 3.081443E-5
8.789040E-1 -1.685003E-3 3.081443E-5
8.798806E-1 -3.961441E+0 3.081443E-5
8.808571E-1 5.880659E-1 3.081443E-5
8.818337E-1 3.789571E+0 3.081443E-5
8.828102E-1 -1.349687E+0 3.081443E-5
8.837868E-1 -3.582316E+0 -4.219452E-3
8.847634E-1 1.893943E+0 3.081443E-5
8.857399E-1 3.199820E+0 3.081443E-5
8.867165E-1 -2.529189E+0 3.081443E-5
8.876930E-1 -2.824064E+0 3.081443E-5
8.886696E-1 2.947070E+0 -4.219452E-3
8.896462E-1 2.230943E+0 3.081443E-5
8.906227E-1 -3.371690E+0 3.081443E-5
8.915993E-1 -1.728813E+0 -4.219452E-3
8.925758E-1 3.621071E+0 3.081443E-5
8.935524E-1 1.009317E+0 3.081443E-5
8.945290E-1 -3.877191E+0 -4.219452E-3
8.955055E-1 -4.229357E-1 3.081443E-5
8.964821E-1 3.958071E+0 3.081443E-5
8.974586E-1 -3.386855E-1 3.081443E-5
8.984352E-1 -3.877191E+0 3.081443E-5
8.994118E-1 9.671915E-1 3.081443E-5
9.003883E-1 3.663196E+0 3.081443E-5
9.013649E-1 -1.686688E+0 3.081443E-5
9.023414E-1 -3.413815E+0 3.081443E-5
9.033180E-1 2.188818E+0 3.081443E-5
9.042946E-1 2.947070E+0 3.081443E-5
9.052711E-1 -2.739814E+0 3.081443E-5
9.062477E-1 -2.571314E+0 3.081443E-5
9.072242E-1 3.157695E+0 3.081443E-5
9.082008E-1 1.936068E+0 3.081443E-5
9.091774E-1 -3.540190E+0 3.081443E-5
9.101539E-1 -1.391812E+0 3.081443E-5
9.111305E-1 3.747446E+0 3.081443E-5
9.121070E-1 6.301910E-1 3.081443E-5
9.130836E-1 -3.961441E+0 3.081443E-5
9.140602E-1 -8.593513E-2 -4.219452E-3
9.150367E-1 3.915946E+0 3.081443E-5
9.160133E-1 -7.178111E-1 3.081443E-5
9.169898E-1 -3.792941E+0 3.081443E-5
9.179664E-1 1.304192E+0 3.081443E-5
9.189430E-1 3.536820E+0 3.081443E-5
9.199195E-1 -1.981563E+0 3.081443E-5
9.208961E-1 -3.203190E+0 3.081443E-5
9.218726E-1 2.483694E+0 3.081443E-5
9.228492E-1 2.736444E+0 3.081443E-5
9.238258E-1 -3.034690E+0 3.081443E-5
9.248023E-1 -2.276439E+0 3.081443E-5
9.257789E-1 3.326195E+0 3.081443E-5
9.267554E-1 1.641193E+0 3.081443E-5
9.277320E-1 -3.666566E+0 3.081443E-5
9.287086E-1 -1.054812E+0 3.081443E-5
9.296851E-1 3.873821E+0 3.081443E-5
9.306617E-1 2.931905E-1 3.081443E-5
9.316382E-1 -3.961441E+0 3.081443E-5
9.326148E-1 2.931905E-1 3.081443E-5
9.335914E-1 3.831696E+0 3.081443E-5
9.345679E-1 -1.054812E+0 3.081443E-5
9.355445E-1 -3.708691E+0 3.081443E-5
9.365210E-1 1.599067E+0 3.081443E-5
9.374976E-1 3.368320E+0 3.081443E-5
9.384742E-1 -2.276439E+0 3.081443E-5
9.394507E-1 -2.992565E+0 3.081443E-5
9.404273E-1 2.736444E+0 3.081443E-5
9.414038E-1 2.483694E+0 3.081443E-5
9.423804E-1 -3.245315E+0 3.081443E-5
9.433570E-1 -1.981563E+0 3.081443E-5
9.443335E-1 3.494695E+0 3.081443E-5
9.453101E-1 1.304192E+0 3.081443E-5
9.462866E-1 -3.792941E+0 3.081443E-5
9.472632E-1 -7.178111E-1 3.081443E-5
9.482398E-1 3.915946E+0 3.081443E-5
9.492163E-1 -4.381007E-2 3.081443E-5
9.501929E-1 -3.919316E+0 3.081443E-5
9.511694E-1 6.723160E-1 3.081443E-5
9.521460E-1 3.747446E+0 3.081443E-5
9.531226E-1 -1.391812E+0 -4.219452E-3
9.540991E-1 -3.540190E+0 3.081443E-5
9.550757E-1 1.936068E+0 3.081443E-5
9.560522E-1 3.157695E+0 3.081443E-5
9.570288E-1 -2.529189E+0 3.081443E-5
9.580054E-1 -2.739814E+0 3.081443E-5
9.589819E-1 2.989195E+0 -4.219452E-3
9.599585E-1 2.188818E+0 3.081443E-5
9.609350E-1 -3.413815E+0 3.081443E-5
9.619116E-1 -1.644563E+0 3.081443E-5
9.628882E-1 3.663196E+0 3.081443E-5
9.638647E-1 9.250664E-1 3.081443E-5
9.648413E-1 -3.877191E+0 3.081443E-5
9.658178E-1 -3.808106E-1 3.081443E-5
9.667944E-1 3.915946E+0 3.081443E-5
9.677710E-1 -4.229357E-1 -4.219452E-3
9.687475E-1 -3.877191E+0 3.081443E-5
9.697241E-1 1.051442E+0 3.081443E-5
9.707006E-1 3.621071E+0 3.081443E-5
9.716772E-1 -1.728813E+0 3.081443E-5
9.726538E-1 -3.413815E+0 3.081443E-5
9.736303E-1 2.230943E+0 3.081443E-5
9.746069E-1 2.904944E+0 3.081443E-5
9.755834E-1 -2.824064E+0 3.081443E-5
9.765600E-1 -2.529189E+0 3.081443E-5
9.775366E-1 3.199820E+0 3.081443E-5
9.785131E-1 1.851818E+0 3.081443E-5
9.794897E-1 -3.582316E+0 3.081443E-5
9.804662E-1 -1.307562E+0 3.081443E-5
9.814428E-1 3.789571E+0 3.081443E-5
9.824194E-1 5.880659E-1 3.081443E-5
9.833959E-1 -3.961441E+0 3.081443E-5
9.843725E-1 4.044006E-2 3.081443E-5
9.853490E-1 3.873821E+0 3.081443E-5
9.863256E-1 -8.020612E-1 3.081443E-5
9.873022E-1 -3.750816E+0 3.081443E-5
9.882787E-1 1.346317E+0 3.081443E-5
9.892553E-1 3.494695E+0 3.081443E-5
9.902318E-1 -2.023688E+0 3.081443E-5
9.912084E-1 -3.118940E+0 3.081443E-5
9.921850E-1 2.525819E+0 3.081443E-5
9.931615E-1 2.652194E+0 3.081443E-5
9.941381E-1 -3.076815E+0 3.081443E-5
9.951146E-1 -2.234313E+0 3.081443E-5
9.960912E-1 3.410445E+0 3.081443E-5
9.970678E-1 1.556942E+0 3.081443E-5
9.980443E-1 -3.708691E+0 3.081443E-5
9.990209E-1 -9.705615E-1 3.081443E-5
9.999974E-1 3.873821E+0 3.081443E-5
1.000974E+0 2.089403E-1 3.081443E-5
1.001951E+0 -4.003566E+0 3.081443E-5
1.002927E+0 3.774406E-1 3.081443E-5
1.003904E+0 3.831696E+0 3.081443E-5
1.004880E+0 -1.139062E+0 -4.219452E-3
1.005857E+0 -3.666566E+0 3.081443E-5
1.006833E+0 1.683318E+0 3.081443E-5
1.007810E+0 3.284070E+0 3.081443E-5
1.008786E+0 -2.360689E+0 3.081443E-5
1.009763E+0 -2.908314E+0 3.081443E-5
1.010740E+0 2.820694E+0 3.081443E-5
1.011716E+0 2.357319E+0 3.081443E-5
1.012693E+0 -3.287440E+0 -4.219452E-3
1.013669E+0 -1.897313E+0 3.081443E-5
1.014646E+0 3.536820E+0 3.081443E-5
1.015622E+0 1.219942E+0 3.081443E-5
1.016599E+0 -3.792941E+0 3.081443E-5
1.017576E+0 -6.335610E-1 3.081443E-5
1.018552E+0 3.915946E+0 3.081443E-5
1.019529E+0 -1.280602E-1 3.081443E-5
1.020505E+0 -3.919316E+0 3.081443E-5
1.021482E+0 7.565662E-1 3.081443E-5
1.022458E+0 3.705321E+0 3.081443E-5
1.023435E+0 -1.518187E+0 3.081443E-5
1.024411E+0 -3.498065E+0 3.081443E-5
1.025388E+0 1.978193E+0 3.081443E-5
1.026365E+0 3.157695E+0 3.081443E-5
1.027341E+0 -2.613439E+0 3.081443E-5
1.028318E+0 -2.697689E+0 3.081443E-5
1.029294E+0 3.031320E+0 3.081443E-5
1.030271E+0 2.146693E+0 3.081443E-5
1.031247E+0 -3.455940E+0 3.081443E-5
1.032224E+0 -1.560312E+0 3.081443E-5
1.033200E+0 3.663196E+0 3.081443E-5
1.034177E+0 8.408163E-1 3.081443E-5
1.035154E+0 -3.919316E+0 -4.219452E-3
1.036130E+0 -2.965605E-1 3.081443E-5
1.037107E+0 3.958071E+0 3.081443E-5
1.038083E+0 -4.650607E-1 3.081443E-5
1.039060E+0 -3.835066E+0 3.081443E-5
1.040036E+0 1.093567E+0 3.081443E-5
1.041013E+0 3.578946E+0 3.081443E-5
1.041990E+0 -1.813063E+0 3.081443E-5
1.042966E+0 -3.329565E+0 3.081443E-5
1.043943E+0 2.315194E+0 3.081443E-5
1.044919E+0 2.862819E+0 3.081443E-5
1.045896E+0 -2.866189E+0 3.081443E-5
1.046872E+0 -2.444939E+0 3.081443E-5
1.047849E+0 3.241945E+0 3.081443E-5
1.048825E+0 1.809693E+0 3.081443E-5
1.049802E+0 -3.582316E+0 3.081443E-5
1.050779E+0 -1.223312E+0 3.081443E-5
1.051755E+0 3.789571E+0 3.081443E-5
1.052732E+0 5.038158E-1 3.081443E-5
1.053708E+0 -3.961441E+0 3.081443E-5
1.054685E+0 8.256513E-2 3.081443E-5
1.055661E+0 3.873821E+0 3.081443E-5
1.056638E+0 -8.441863E-1 3.081443E-5
1.057614E+0 -3.750816E+0 3.081443E-5
1.058591E+0 1.430567E+0 3.081443E-5
1.059568E+0 3.452570E+0 3.081443E-5
1.060544E+0 -2.107938E+0 -4.219452E-3
1.061521E+0 -3.161065E+0 3.081443E-5
1.062497E+0 2.567944E+0 3.081443E-5
1.063474E+0 2.610069E+0 3.081443E-5
1.064450E+0 -3.076815E+0 3.081443E-5
1.065427E+0 -2.192188E+0 -4.219452E-3
1.066404E+0 3.410445E+0 3.081443E-5
1.067380E+0 1.472692E+0 3.081443E-5
1.068357E+0 -3.708691E+0 3.081443E-5
1.069333E+0 -8.863114E-1 3.081443E-5
1.070310E+0 3.873821E+0 3.081443E-5
1.071286E+0 1.246902E-1 3.081443E-5
1.072263E+0 -3.961441E+0 3.081443E-5
1.073239E+0 4.616907E-1 3.081443E-5
1.074216E+0 3.831696E+0 3.081443E-5
1.075193E+0 -1.181187E+0 3.081443E-5
1.076169E+0 -3.666566E+0 3.081443E-5
1.077146E+0 1.725443E+0 3.081443E-5
1.078122E+0 3.284070E+0 3.081443E-5
1.079099E+0 -2.402814E+0 3.081443E-5
1.080075E+0 -2.908314E+0 3.081443E-5
1.081052E+0 2.820694E+0 3.081443E-5
1.082028E+0 2.357319E+0 3.081443E-5
1.083005E+0 -3.329565E+0 3.081443E-5
1.083982E+0 -1.897313E+0 3.081443E-5
1.084958E+0 3.578946E+0 3.081443E-5
1.085935E+0 1.177817E+0 3.081443E-5
1.086911E+0 -3.835066E+0 3.081443E-5
1.087888E+0 -5.493108E-1 -4.219452E-3
1.088864E+0 3.915946E+0 3.081443E-5
1.089841E+0 -2.123103E-1 3.081443E-5
1.090818E+0 -3.919316E+0 3.081443E-5
1.091794E+0 7.986912E-1 3.081443E-5
1.092771E+0 3.663196E+0 -4.219452E-3
1.093747E+0 -1.560312E+0 -4.219452E-3
1.094724E+0 -3.498065E+0 3.081443E-5
1.095700E+0 2.020318E+0 3.081443E-5
1.096677E+0 3.073445E+0 3.081443E-5
1.097653E+0 -2.655564E+0 -4.219452E-3
1.098630E+0 -2.655564E+0 3.081443E-5
1.099607E+0 3.073445E+0 3.081443E-5
1.100583E+0 2.062443E+0 3.081443E-5
1.101560E+0 -3.498065E+0 3.081443E-5
1.102536E+0 -1.518187E+0 3.081443E-5
1.103513E+0 3.705321E+0 3.081443E-5
1.104489E+0 7.986912E-1 3.081443E-5
1.105466E+0 -3.919316E+0 3.081443E-5
1.106442E+0 -1.701853E-1 3.081443E-5
1.107419E+0 3.915946E+0 3.081443E-5
1.108396E+0 -5.493108E-1 3.081443E-5
1.109372E+0 -3.835066E+0 3.081443E-5
1.110349E+0 1.177817E+0 3.081443E-5
1.111325E+0 3.578946E+0 3.081443E-5
1.112302E+0 -1.897313E+0 3.081443E-5
1.113278E+0 -3.287440E+0 3.081443E-5
1.114255E+0 2.357319E+0 3.081443E-5
1.115232E+0 2.820694E+0 3.081443E-5
1.116208E+0 -2.908314E+0 3.081443E-5
1.117185E+0 -2.402814E+0 3.081443E-5
1.118161E+0 3.284070E+0 3.081443E-5
1.119138E+0 1.725443E+0 3.081443E-5
1.120114E+0 -3.666566E+0 -4.219452E-3
1.121091E+0 -1.223312E+0 3.081443E-5
1.122067E+0 3.831696E+0 3.081443E-5
1.123044E+0 4.195656E-1 -4.219452E-3
1.124021E+0 -3.961441E+0 3.081443E-5
1.124997E+0 1.246902E-1 3.081443E-5
1.125974E+0 3.873821E+0 3.081443E-5
1.126950E+0 -9.284364E-1 3.081443E-5
1.127927E+0 -3.708691E+0 3.081443E-5
1.128903E+0 1.514817E+0 -4.219452E-3
1.129880E+0 3.410445E+0 3.081443E-5
1.130856E+0 -2.192188E+0 -4.219452E-3
1.131833E+0 -3.118940E+0 -4.219452E-3
1.132810E+0 2.610069E+0 3.081443E-5
1.133786E+0 2.567944E+0 3.081443E-5
1.134763E+0 -3.161065E+0 3.081443E-5
1.135739E+0 -2.107938E+0 3.081443E-5
1.136716E+0 3.452570E+0 3.081443E-5
1.137692E+0 1.472692E+0 3.081443E-5
1.138669E+0 -3.750816E+0 3.081443E-5
1.139646E+0 -8.441863E-1 3.081443E-5
1.140622E+0 3.915946E+0 3.081443E-5
1.141599E+0 8.256513E-2 3.081443E-5
1.142575E+0 -3.961441E+0 3.081443E-5
1.143552E+0 5.459408E-1 3.081443E-5
1.144528E+0 3.789571E+0 3.081443E-5
1.145505E+0 -1.265437E+0 3.081443E-5
1.146481E+0 -3.624441E+0 3.081443E-5
1.147458E+0 1.809693E+0 3.081443E-5
1.148435E+0 3.241945E+0 3.081443E-5
1.149411E+0 -2.444939E+0 -4.219452E-3
1.150388E+0 -2.866189E+0 -4.219452E-3
1.151364E+0 2.862819E+0 3.081443E-5
1.152341E+0 2.273069E+0 3.081443E-5
1.153317E+0 -3.371690E+0 3.081443E-5
1.154294E+0 -1.813063E+0 3.081443E-5
1.155270E+0 3.578946E+0 3.081443E-5
1.156247E+0 1.093567E+0 3.081443E-5
1.157224E+0 -3.835066E+0 3.081443E-5
1.158200E+0 -5.071858E-1 3.081443E-5
1.159177E+0 3.915946E+0 3.081443E-5
1.160153E+0 -2.965605E-1 3.081443E-5
1.161130E+0 -3.877191E+0 3.081443E-5
1.162106E+0 8.829414E-1 3.081443E-5
1.163083E+0 3.663196E+0 3.081443E-5
1.164060E+0 -1.602437E+0 3.081443E-5
1.165036E+0 -3.455940E+0 -4.219452E-3
1.166013E+0 2.146693E+0 3.081443E-5
1.166989E+0 3.031320E+0 3.081443E-5
1.167966E+0 -2.739814E+0 3.081443E-5
1.168942E+0 -2.613439E+0 3.081443E-5
1.169919E+0 3.115570E+0 3.081443E-5
1.170895E+0 1.978193E+0 -4.219452E-3
1.171872E+0 -3.540190E+0 3.081443E-5
1.172849E+0 -1.476062E+0 3.081443E-5
1.173825E+0 3.705321E+0 3.081443E-5
1.174802E+0 7.144411E-1 3.081443E-5
1.175778E+0 -3.919316E+0 3.081443E-5
1.176755E+0 -1.280602E-1 3.081443E-5
1.177731E+0 3.915946E+0 3.081443E-5
1.178708E+0 -6.335610E-1 3.081443E-5
1.179684E+0 -3.835066E+0 3.081443E-5
1.180661E+0 1.219942E+0 3.081443E-5
1.181638E+0 3.536820E+0 3.081443E-5
1.182614E+0 -1.897313E+0 3.081443E-5
1.183591E+0 -3.287440E+0 -4.219452E-3
1.184567E+0 2.399444E+0 -4.219452E-3
1.185544E+0 2.778569E+0 3.081443E-5
1.186520E+0 -2.950440E+0 3.081443E-5
1.187497E+0 -2.360689E+0 -4.219452E-3
1.188474E+0 3.326195E+0 3.081443E-5
1.189450E+0 1.683318E+0 3.081443E-5
1.190427E+0 -3.666566E+0 3.081443E-5
1.191403E+0 -1.139062E+0 3.081443E-5
1.192380E+0 3.831696E+0 3.081443E-5
1.193356E+0 3.353155E-1 3.081443E-5
1.194333E+0 -3.961441E+0 3.081443E-5
1.195309E+0 2.089403E-1 3.081443E-5
1.196286E+0 3.873821E+0 3.081443E-5
1.197263E+0 -9.705615E-1 3.081443E-5
1.198239E+0 -3.708691E+0 3.081443E-5
1.199216E+0 1.556942E+0 3.081443E-5
1.200192E+0 3.368320E+0 3.081443E-5
1.201169E+0 -2.234313E+0 3.081443E-5
1.202145E+0 -3.076815E+0 3.081443E-5
1.203122E+0 2.652194E+0 3.081443E-5
1.204098E+0 2.525819E+0 3.081443E-5
1.205075E+0 -3.203190E+0 -4.219452E-3
1.206052E+0 -2.023688E+0 3.081443E-5
1.207028E+0 3.494695E+0 3.081443E-5
1.208005E+0 1.346317E+0 3.081443E-5
1.208981E+0 -3.750816E+0 3.081443E-5
1.209958E+0 -7.599362E-1 3.081443E-5
1.210934E+0 3.915946E+0 3.081443E-5
1.211911E+0 -4.381007E-2 -4.219452E-3
1.212888E+0 -3.919316E+0 3.081443E-5
1.213864E+0 5.880659E-1 3.081443E-5
1.214841E+0 3.747446E+0 3.081443E-5
1.215817E+0 -1.349687E+0 -4.219452E-3
1.216794E+0 -3.582316E+0 3.081443E-5
1.217770E+0 1.893943E+0 3.081443E-5
1.218747E+0 3.199820E+0 3.081443E-5
1.219723E+0 -2.529189E+0 -4.219452E-3
1.220700E+0 -2.781939E+0 -4.219452E-3
1.221677E+0 2.947070E+0 3.081443E-5
1.222653E+0 2.230943E+0 3.081443E-5
1.223630E+0 -3.413815E+0 3.081443E-5
1.224606E+0 -1.728813E+0 3.081443E-5
1.225583E+0 3.621071E+0 3.081443E-5
1.226559E+0 1.009317E+0 -4.219452E-3
1.227536E+0 -3.877191E+0 3.081443E-5
1.228512E+0 -4.229357E-1 3.081443E-5
1.229489E+0 4.000196E+0 3.081443E-5
1.230466E+0 -3.386855E-1 3.081443E-5
1.231442E+0 -3.877191E+0 3.081443E-5
1.232419E+0 9.250664E-1 3.081443E-5
1.233395E+0 3.663196E+0 3.081443E-5
1.234372E+0 -1.686688E+0 3.081443E-5
1.235348E+0 -3.455940E+0 3.081443E-5
1.236325E+0 2.146693E+0 3.081443E-5
1.237302E+0 2.989195E+0 3.081443E-5
1.238278E+0 -2.781939E+0 -4.219452E-3
1.239255E+0 -2.529189E+0 3.081443E-5
1.240231E+0 3.157695E+0 3.081443E-5
1.241208E+0 1.936068E+0 3.081443E-5
1.242184E+0 -3.582316E+0 3.081443E-5
1.243161E+0 -1.391812E+0 -4.219452E-3
1.244137E+0 3.747446E+0 3.081443E-5
1.245114E+0 6.723160E-1 3.081443E-5
1.246091E+0 -3.919316E+0 -4.219452E-3
1.247067E+0 -4.381007E-2 3.081443E-5
1.248044E+0 3.915946E+0 3.081443E-5
1.249020E+0 -7.178111E-1 3.081443E-5
1.249997E+0 -3.792941E+0 3.081443E-5
1.250973E+0 1.304192E+0 3.081443E-5
1.251950E+0 3.494695E+0 3.081443E-5
1.252926E+0 -1.981563E+0 3.081443E-5
1.253903E+0 -3.245315E+0 3.081443E-5
1.254880E+0 2.441569E+0 3.081443E-5
1.255856E+0 2.736444E+0 3.081443E-5
1.256833E+0 -2.992565E+0 3.081443E-5
1.257809E+0 -2.276439E+0 3.081443E-5
1.258786E+0 3.368320E+0 3.081443E-5
1.259762E+0 1.641193E+0 3.081443E-5
1.260739E+0 -3.666566E+0 3.081443E-5
1.261716E+0 -1.054812E+0 3.081443E-5
1.262692E+0 3.873821E+0 3.081443E-5
1.263669E+0 2.931905E-1 3.081443E-5
1.264645E+0 -3.961441E+0 -4.219452E-3
1.265622E+0 2.931905E-1 -4.219452E-3
1.266598E+0 3.831696E+0 3.081443E-5
1.267575E+0 -1.054812E+0 3.081443E-5
1.268551E+0 -3.666566E+0 3.081443E-5
1.269528E+0 1.641193E+0 3.081443E-5
1.270505E+0 3.326195E+0 3.081443E-5
1.271481E+0 -2.318564E+0 3.081443E-5
1.272458E+0 -3.034690E+0 3.081443E-5
1.273434E+0 2.736444E+0 3.081443E-5
1.274411E+0 2.483694E+0 -4.219452E-3
1.275387E+0 -3.245315E+0 -4.219452E-3
1.276364E+0 -2.023688E+0 -4.219452E-3
1.277340E+0 3.536820E+0 3.081443E-5
1.278317E+0 1.304192E+0 3.081443E-5
1.279294E+0 -3.792941E+0 3.081443E-5
1.280270E+0 -7.178111E-1 3.081443E-5
1.281247E+0 3.915946E+0 3.081443E-5
1.282223E+0 -4.381007E-2 3.081443E-5
1.283200E+0 -3.961441E+0 -4.219452E-3
1.284176E+0 6.723160E-1 3.081443E-5
1.285153E+0 3.747446E+0 3.081443E-5
1.286130E+0 -1.433937E+0 3.081443E-5
1.287106E+0 -3.540190E+0 3.081443E-5
1.288083E+0 1.936068E+0 -4.219452E-3
1.289059E+0 3.157695E+0 3.081443E-5
1.290036E+0 -2.571314E+0 3.081443E-5
1.291012E+0 -2.781939E+0 3.081443E-5
1.291989E+0 2.989195E+0 3.081443E-5
1.292965E+0 2.146693E+0 3.081443E-5
1.293942E+0 -3.413815E+0 3.081443E-5
1.294919E+0 -1.644563E+0 3.081443E-5
1.295895E+0 3.663196E+0 3.081443E-5
1.296872E+0 9.671915E-1 -4.219452E-3
1.297848E+0 -3.877191E+0 3.081443E-5
1.298825E+0 -3.386855E-1 3.081443E-5
1.299801E+0 3.958071E+0 3.081443E-5
1.300778E+0 -4.650607E-1 -4.219452E-3
1.301754E+0 -3.877191E+0 3.081443E-5
1.302731E+0 1.009317E+0 3.081443E-5
1.303708E+0 3.621071E+0 3.081443E-5
1.304684E+0 -1.728813E+0 3.081443E-5
1.305661E+0 -3.413815E+0 3.081443E-5
1.306637E+0 2.230943E+0 3.081443E-5
1.307614E+0 2.947070E+0 3.081443E-5
1.308590E+0 -2.781939E+0 3.081443E-5
1.309567E+0 -2.487064E+0 3.081443E-5
1.310544E+0 3.199820E+0 3.081443E-5
1.311520E+0 1.851818E+0 3.081443E-5
1.312497E+0 -3.582316E+0 3.081443E-5
1.313473E+0 -1.349687E+0 3.081443E-5
1.314450E+0 3.747446E+0 3.081443E-5
1.315426E+0 5.880659E-1 3.081443E-5
1.316403E+0 -3.961441E+0 -4.219452E-3
1.317379E+0 4.044006E-2 -4.219452E-3
1.318356E+0 3.915946E+0 3.081443E-5
1.319333E+0 -8.020612E-1 3.081443E-5
1.320309E+0 -3.750816E+0 -4.219452E-3
1.321286E+0 1.346317E+0 3.081443E-5
1.322262E+0 3.494695E+0 3.081443E-5
1.323239E+0 -2.065813E+0 3.081443E-5
1.324215E+0 -3.203190E+0 3.081443E-5
1.325192E+0 2.525819E+0 3.081443E-5
1.326168E+0 2.694319E+0 3.081443E-5
1.327145E+0 -3.034690E+0 3.081443E-5
1.328122E+0 -2.234313E+0 3.081443E-5
1.329098E+0 3.410445E+0 3.081443E-5
1.330075E+0 1.514817E+0 3.081443E-5
1.331051E+0 -3.750816E+0 -4.219452E-3
1.332028E+0 -1.012687E+0 3.081443E-5
1.333004E+0 3.873821E+0 3.081443E-5
1.333981E+0 2.089403E-1 3.081443E-5
1.334958E+0 -4.003566E+0 -4.219452E-3
1.335934E+0 3.353155E-1 3.081443E-5
1.336911E+0 3.831696E+0 3.081443E-5
1.337887E+0 -1.139062E+0 3.081443E-5
1.338864E+0 -3.624441E+0 3.081443E-5
1.339840E+0 1.725443E+0 3.081443E-5
1.340817E+0 3.284070E+0 3.081443E-5
1.341793E+0 -2.360689E+0 3.081443E-5
1.342770E+0 -2.992565E+0 3.081443E-5
1.343747E+0 2.736444E+0 3.081443E-5
1.344723E+0 2.399444E+0 3.081443E-5
1.345700E+0 -3.245315E+0 3.081443E-5
1.346676E+0 -1.939438E+0 3.081443E-5
1.347653E+0 3.578946E+0 3.081443E-5
1.348629E+0 1.219942E+0 3.081443E-5
1.349606E+0 -3.835066E+0 -4.219452E-3
1.350582E+0 -6.335610E-1 3.081443E-5
1.351559E+0 3.915946E+0 3.081443E-5
1.352536E+0 -1.701853E-1 3.081443E-5
1.353512E+0 -3.919316E+0 -4.219452E-3
1.354489E+0 7.144411E-1 3.081443E-5
1.355465E+0 3.705321E+0 3.081443E-5
1.356442E+0 -1.476062E+0 3.081443E-5
1.357418E+0 -3.498065E+0 3.081443E-5
1.358395E+0 2.020318E+0 3.081443E-5
1.359372E+0 3.115570E+0 3.081443E-5
1.360348E+0 -2.613439E+0 3.081443E-5
1.361325E+0 -2.739814E+0 -4.219452E-3
1.362301E+0 2.989195E+0 3.081443E-5
1.363278E+0 2.104568E+0 3.081443E-5
1.364254E+0 -3.455940E+0 3.081443E-5
1.365231E+0 -1.602437E+0 3.081443E-5
1.366207E+0 3.663196E+0 3.081443E-5
1.367184E+0 8.829414E-1 3.081443E-5
1.368161E+0 -3.877191E+0 3.081443E-5
1.369137E+0 -2.123103E-1 3.081443E-5
1.370114E+0 3.915946E+0 3.081443E-5
1.371090E+0 -5.071858E-1 -4.219452E-3
1.372067E+0 -3.877191E+0 3.081443E-5
1.373043E+0 1.051442E+0 3.081443E-5
1.374020E+0 3.621071E+0 3.081443E-5
1.374996E+0 -1.813063E+0 3.081443E-5
1.375973E+0 -3.329565E+0 3.081443E-5
1.376950E+0 2.273069E+0 -4.219452E-3
1.377926E+0 2.904944E+0 3.081443E-5
1.378903E+0 -2.866189E+0 -4.219452E-3
1.379879E+0 -2.402814E+0 3.081443E-5
1.380856E+0 3.199820E+0 3.081443E-5
1.381832E+0 1.809693E+0 3.081443E-5
1.382809E+0 -3.624441E+0 3.081443E-5
1.383786E+0 -1.307562E+0 3.081443E-5
1.384762E+0 3.831696E+0 3.081443E-5
1.385739E+0 5.038158E-1 3.081443E-5
1.386715E+0 -3.919316E+0 3.081443E-5
1.387692E+0 1.246902E-1 3.081443E-5
1.388668E+0 3.873821E+0 3.081443E-5
1.389645E+0 -8.441863E-1 3.081443E-5
1.390621E+0 -3.750816E+0 3.081443E-5
1.391598E+0 1.430567E+0 3.081443E-5
1.392575E+0 3.452570E+0 3.081443E-5
1.393551E+0 -2.150063E+0 -4.219452E-3
1.394528E+0 -3.161065E+0 3.081443E-5
1.395504E+0 2.567944E+0 3.081443E-5
1.396481E+0 2.610069E+0 -4.219452E-3
1.397457E+0 -3.076815E+0 3.081443E-5
1.398434E+0 -2.150063E+0 3.081443E-5
1.399410E+0 3.410445E+0 3.081443E-5
1.400387E+0 1.472692E+0 3.081443E-5
1.401364E+0 -3.750816E+0 -4.219452E-3
1.402340E+0 -9.284364E-1 3.081443E-5
1.403317E+0 3.873821E+0 3.081443E-5
1.404293E+0 1.246902E-1 3.081443E-5
1.405270E+0 -3.961441E+0 -4.219452E-3
1.406246E+0 4.616907E-1 3.081443E-5
1.407223E+0 3.831696E+0 3.081443E-5
1.408200E+0 -1.223312E+0 3.081443E-5
1.409176E+0 -3.582316E+0 3.081443E-5
1.410153E+0 1.767568E+0 3.081443E-5
1.411129E+0 3.284070E+0 3.081443E-5
1.412106E+0 -2.444939E+0 3.081443E-5
1.413082E+0 -2.908314E+0 3.081443E-5
1.414059E+0 2.820694E+0 3.081443E-5
1.415035E+0 2.357319E+0 3.081443E-5
1.416012E+0 -3.329565E+0 -4.219452E-3
1.416989E+0 -1.855188E+0 3.081443E-5
1.417965E+0 3.578946E+0 3.081443E-5
1.418942E+0 1.135692E+0 3.081443E-5
1.419918E+0 -3.835066E+0 3.081443E-5
1.420895E+0 -5.493108E-1 3.081443E-5
1.421871E+0 3.915946E+0 3.081443E-5
1.422848E+0 -2.123103E-1 3.081443E-5
1.423824E+0 -3.919316E+0 3.081443E-5
1.424801E+0 7.986912E-1 -4.219452E-3
1.425778E+0 3.705321E+0 3.081443E-5
1.426754E+0 -1.560312E+0 3.081443E-5
1.427731E+0 -3.455940E+0 3.081443E-5
1.428707E+0 2.062443E+0 3.081443E-5
1.429684E+0 3.031320E+0 3.081443E-5
1.430660E+0 -2.697689E+0 3.081443E-5
1.431637E+0 -2.655564E+0 3.081443E-5
1.432614E+0 3.073445E+0 3.081443E-5
1.433590E+0 2.020318E+0 3.081443E-5
1.434567E+0 -3.498065E+0 3.081443E-5
1.435543E+0 -1.560312E+0 3.081443E-5
1.436520E+0 3.705321E+0 3.081443E-5
1.437496E+0 7.986912E-1 3.081443E-5
1.438473E+0 -3.919316E+0 3.081443E-5
1.439449E+0 -1.701853E-1 3.081443E-5
1.440426E+0 3.915946E+0 3.081443E-5
1.441403E+0 -5.914359E-1 3.081443E-5
1.442379E+0 -3.835066E+0 3.081443E-5
1.443356E+0 1.135692E+0 -4.219452E-3
1.444332E+0 3.578946E+0 3.081443E-5
1.445309E+0 -1.897313E+0 3.081443E-5
1.446285E+0 -3.329565E+0 -4.219452E-3
1.447262E+0 2.357319E+0 3.081443E-5
1.448238E+0 2.820694E+0 3.081443E-5
1.449215E+0 -2.950440E+0 3.081443E-5
1.450192E+0 -2.360689E+0 3.081443E-5
1.451168E+0 3.284070E+0 3.081443E-5
1.452145E+0 1.725443E+0 3.081443E-5
1.453121E+0 -3.666566E+0 3.081443E-5
1.454098E+0 -1.223312E+0 -4.219452E-3
1.455074E+0 3.831696E+0 3.081443E-5
1.456051E+0 4.195656E-1 3.081443E-5
1.457028E+0 -3.961441E+0 -4.219452E-3
1.458004E+0 1.668153E-1 3.081443E-5
1.458981E+0 3.873821E+0 3.081443E-5
1.459957E+0 -9.705615E-1 3.081443E-5
1.460934E+0 -3.708691E+0 3.081443E-5
1.461910E+0 1.514817E+0 3.081443E-5
1.462887E+0 3.410445E+0 3.081443E-5
1.463863E+0 -2.192188E+0 3.081443E-5
1.464840E+0 -3.118940E+0 3.081443E-5
1.465817E+0 2.652194E+0 3.081443E-5
1.466793E+0 2.567944E+0 3.081443E-5
1.467770E+0 -3.161065E+0 3.081443E-5
1.468746E+0 -2.065813E+0 3.081443E-5
1.469723E+0 3.494695E+0 3.081443E-5
1.470699E+0 1.388442E+0 3.081443E-5
1.471676E+0 -3.750816E+0 3.081443E-5
1.472652E+0 -8.441863E-1 3.081443E-5
1.473629E+0 3.873821E+0 3.081443E-5
1.474606E+0 4.044006E-2 3.081443E-5
1.475582E+0 -3.961441E+0 3.081443E-5
1.476559E+0 5.459408E-1 3.081443E-5
1.477535E+0 3.789571E+0 3.081443E-5
1.478512E+0 -1.307562E+0 3.081443E-5
1.479488E+0 -3.582316E+0 3.081443E-5
1.480465E+0 1.851818E+0 3.081443E-5
1.481442E+0 3.241945E+0 3.081443E-5
1.482418E+0 -2.487064E+0 3.081443E-5
1.483395E+0 -2.866189E+0 3.081443E-5
1.484371E+0 2.862819E+0 3.081443E-5
1.485348E+0 2.273069E+0 3.081443E-5
1.486324E+0 -3.329565E+0 3.081443E-5
1.487301E+0 -1.770938E+0 -4.219452E-3
1.488277E+0 3.621071E+0 3.081443E-5
1.489254E+0 1.051442E+0 3.081443E-5
1.490231E+0 -3.835066E+0 3.081443E-5
1.491207E+0 -4.650607E-1 3.081443E-5
1.492184E+0 3.958071E+0 3.081443E-5
1.493160E+0 -2.965605E-1 3.081443E-5
1.494137E+0 -3.919316E+0 3.081443E-5
1.495113E+0 8.829414E-1 3.081443E-5
1.496090E+0 3.663196E+0 3.081443E-5
1.497066E+0 -1.644563E+0 3.081443E-5
1.498043E+0 -3.413815E+0 3.081443E-5
1.499020E+0 2.146693E+0 3.081443E-5
1.499996E+0 2.989195E+0 3.081443E-5
1.500973E+0 -2.739814E+0 3.081443E-5
1.501949E+0 -2.613439E+0 3.081443E-5
1.502926E+0 3.115570E+0 3.081443E-5
1.503902E+0 1.978193E+0 3.081443E-5
1.504879E+0 -3.540190E+0 -4.219452E-3
1.505856E+0 -1.476062E+0 3.081443E-5
1.506832E+0 3.747446E+0 3.081443E-5
1.507809E+0 7.144411E-1 3.081443E-5
1.508785E+0 -3.919316E+0 3.081443E-5
1.509762E+0 -8.593513E-2 3.081443E-5
1.510738E+0 3.915946E+0 3.081443E-5
1.511715E+0 -6.756860E-1 3.081443E-5
1.512691E+0 -3.835066E+0 3.081443E-5
1.513668E+0 1.219942E+0 3.081443E-5
1.514645E+0 3.536820E+0 3.081443E-5
1.515621E+0 -1.939438E+0 3.081443E-5
1.516598E+0 -3.245315E+0 3.081443E-5
1.517574E+0 2.441569E+0 3.081443E-5
1.518551E+0 2.778569E+0 3.081443E-5
1.519527E+0 -2.992565E+0 3.081443E-5
1.520504E+0 -2.318564E+0 3.081443E-5
1.521480E+0 3.326195E+0 3.081443E-5
1.522457E+0 1.641193E+0 3.081443E-5
1.523434E+0 -3.708691E+0 3.081443E-5
1.524410E+0 -1.139062E+0 3.081443E-5
1.525387E+0 3.831696E+0 3.081443E-5
1.526363E+0 3.353155E-1 3.081443E-5
1.527340E+0 -3.961441E+0 3.081443E-5
1.528316E+0 2.510654E-1 3.081443E-5
1.529293E+0 3.873821E+0 3.081443E-5
1.530270E+0 -1.054812E+0 -4.219452E-3
1.531246E+0 -3.708691E+0 3.081443E-5
1.532223E+0 1.556942E+0 3.081443E-5
1.533199E+0 3.368320E+0 3.081443E-5
1.534176E+0 -2.276439E+0 -4.219452E-3
1.535152E+0 -3.076815E+0 -4.219452E-3
1.536129E+0 2.694319E+0 3.081443E-5
1.537105E+0 2.525819E+0 3.081443E-5
1.538082E+0 -3.161065E+0 3.081443E-5
1.539059E+0 -1.981563E+0 3.081443E-5
1.540035E+0 3.494695E+0 3.081443E-5
1.541012E+0 1.304192E+0 3.081443E-5
1.541988E+0 -3.792941E+0 -4.219452E-3
1.542965E+0 -7.599362E-1 3.081443E-5
1.543941E+0 3.873821E+0 3.081443E-5
1.544918E+0 -1.685003E-3 3.081443E-5
1.545894E+0 -3.919316E+0 3.081443E-5
1.546871E+0 5.880659E-1 3.081443E-5
1.547848E+0 3.789571E+0 3.081443E-5
1.548824E+0 -1.349687E+0 3.081443E-5
1.549801E+0 -3.540190E+0 3.081443E-5
1.550777E+0 1.936068E+0 3.081443E-5
1.551754E+0 3.157695E+0 3.081443E-5
1.552730E+0 -2.529189E+0 3.081443E-5
1.553707E+0 -2.824064E+0 3.081443E-5
1.554684E+0 2.947070E+0 3.081443E-5
1.555660E+0 2.230943E+0 3.081443E-5
1.556637E+0 -3.371690E+0 3.081443E-5
1.557613E+0 -1.686688E+0 3.081443E-5
1.558590E+0 3.663196E+0 3.081443E-5
1.559566E+0 9.671915E-1 3.081443E-5
1.560543E+0 -3.877191E+0 3.081443E-5
1.561519E+0 -4.229357E-1 -4.219452E-3
1.562496E+0 3.958071E+0 3.081443E-5
1.563473E+0 -3.808106E-1 3.081443E-5
1.564449E+0 -3.877191E+0 3.081443E-5
1.565426E+0 9.671915E-1 3.081443E-5
1.566402E+0 3.663196E+0 3.081443E-5
1.567379E+0 -1.686688E+0 3.081443E-5
1.568355E+0 -3.413815E+0 -4.219452E-3
1.569332E+0 2.188818E+0 3.081443E-5
1.570308E+0 2.989195E+0 3.081443E-5
1.571285E+0 -2.824064E+0 3.081443E-5
1.572262E+0 -2.571314E+0 3.081443E-5
1.573238E+0 3.157695E+0 3.081443E-5
1.574215E+0 1.893943E+0 3.081443E-5
1.575191E+0 -3.582316E+0 -4.219452E-3
1.576168E+0 -1.391812E+0 3.081443E-5
1.577144E+0 3.789571E+0 3.081443E-5
1.578121E+0 6.301910E-1 3.081443E-5
1.579098E+0 -3.919316E+0 3.081443E-5
1.580074E+0 -4.381007E-2 3.081443E-5
1.581051E+0 3.915946E+0 3.081443E-5
1.582027E+0 -7.178111E-1 3.081443E-5
1.583004E+0 -3.792941E+0 -4.219452E-3
1.583980E+0 1.304192E+0 3.081443E-5
1.584957E+0 3.494695E+0 3.081443E-5
1.585933E+0 -2.023688E+0 -4.219452E-3
1.586910E+0 -3.203190E+0 3.081443E-5
1.587887E+0 2.483694E+0 -4.219452E-3
1.588863E+0 2.736444E+0 3.081443E-5
1.589840E+0 -3.034690E+0 3.081443E-5
1.590816E+0 -2.234313E+0 -4.219452E-3
1.591793E+0 3.368320E+0 3.081443E-5
1.592769E+0 1.556942E+0 3.081443E-5
1.593746E+0 -3.708691E+0 3.081443E-5
1.594722E+0 -1.054812E+0 3.081443E-5
1.595699E+0 3.831696E+0 3.081443E-5
1.596676E+0 2.510654E-1 3.081443E-5
1.597652E+0 -3.919316E+0 3.081443E-5
1.598629E+0 3.353155E-1 3.081443E-5
1.599605E+0 3.831696E+0 3.081443E-5
1.600582E+0 -1.096937E+0 3.081443E-5
1.601558E+0 -3.666566E+0 -4.219452E-3
1.602535E+0 1.641193E+0 3.081443E-5
1.603512E+0 3.326195E+0 3.081443E-5
1.604488E+0 -2.318564E+0 3.081443E-5
1.605465E+0 -2.992565E+0 3.081443E-5
1.606441E+0 2.778569E+0 3.081443E-5
1.607418E+0 2.441569E+0 3.081443E-5
1.608394E+0 -3.245315E+0 3.081443E-5
1.609371E+0 -1.939438E+0 -4.219452E-3
1.610347E+0 3.536820E+0 3.081443E-5
1.611324E+0 1.262067E+0 3.081443E-5
1.612301E+0 -3.835066E+0 3.081443E-5
1.613277E+0 -6.756860E-1 3.081443E-5
1.614254E+0 3.915946E+0 3.081443E-5
1.615230E+0 -1.280602E-1 -4.219452E-3
1.616207E+0 -3.919316E+0 3.081443E-5
1.617183E+0 7.144411E-1 3.081443E-5
1.618160E+0 3.747446E+0 3.081443E-5
1.619136E+0 -1.433937E+0 3.081443E-5
1.620113E+0 -3.540190E+0 3.081443E-5
1.621090E+0 1.978193E+0 3.081443E-5
1.622066E+0 3.157695E+0 3.081443E-5
1.623043E+0 -2.571314E+0 3.081443E-5
1.624019E+0 -2.739814E+0 3.081443E-5
1.624996E+0 2.989195E+0 3.081443E-5
1.625972E+0 2.146693E+0 3.081443E-5
1.626949E+0 -3.455940E+0 3.081443E-5
1.627926E+0 -1.602437E+0 3.081443E-5
1.628902E+0 3.663196E+0 3.081443E-5
1.629879E+0 8.829414E-1 3.081443E-5
1.630855E+0 -3.919316E+0 3.081443E-5
1.631832E+0 -2.965605E-1 3.081443E-5
1.632808E+0 3.915946E+0 3.081443E-5
1.633785E+0 -5.071858E-1 3.081443E-5
1.634761E+0 -3.877191E+0 3.081443E-5
1.635738E+0 1.051442E+0 3.081443E-5
1.636715E+0 3.621071E+0 3.081443E-5
1.637691E+0 -1.728813E+0 3.081443E-5
1.638668E+0 -3.329565E+0 3.081443E-5
1.639644E+0 2.315194E+0 3.081443E-5
1.640621E+0 2.904944E+0 3.081443E-5
1.641597E+0 -2.866189E+0 -4.219452E-3
1.642574E+0 -2.487064E+0 -4.219452E-3
1.643550E+0 3.199820E+0 3.081443E-5
1.644527E+0 1.809693E+0 3.081443E-5
1.645504E+0 -3.582316E+0 3.081443E-5
1.646480E+0 -1.307562E+0 3.081443E-5
1.647457E+0 3.831696E+0 3.081443E-5
1.648433E+0 5.459408E-1 3.081443E-5
1.649410E+0 -3.919316E+0 3.081443E-5
1.650386E+0 8.256513E-2 3.081443E-5
1.651363E+0 3.873821E+0 3.081443E-5
1.652340E+0 -8.441863E-1 3.081443E-5
1.653316E+0 -3.750816E+0 3.081443E-5
1.654293E+0 1.388442E+0 3.081443E-5
1.655269E+0 3.494695E+0 3.081443E-5
1.656246E+0 -2.065813E+0 -4.219452E-3
1.657222E+0 -3.161065E+0 3.081443E-5
1.658199E+0 2.567944E+0 3.081443E-5
1.659175E+0 2.652194E+0 3.081443E-5
1.660152E+0 -3.076815E+0 3.081443E-5
1.661129E+0 -2.192188E+0 3.081443E-5
1.662105E+0 3.410445E+0 3.081443E-5
1.663082E+0 1.472692E+0 -4.219452E-3
1.664058E+0 -3.750816E+0 3.081443E-5
1.665035E+0 -9.705615E-1 3.081443E-5
1.666011E+0 3.873821E+0 3.081443E-5
1.666988E+0 1.668153E-1 3.081443E-5
1.667964E+0 -3.961441E+0 3.081443E-5
1.668941E+0 4.616907E-1 3.081443E-5
1.669918E+0 3.831696E+0 3.081443E-5
1.670894E+0 -1.181187E+0 3.081443E-5
1.671871E+0 -3.624441E+0 3.081443E-5
1.672847E+0 1.683318E+0 3.081443E-5
1.673824E+0 3.284070E+0 3.081443E-5
1.674800E+0 -2.360689E+0 3.081443E-5
1.675777E+0 -2.908314E+0 3.081443E-5
1.676754E+0 2.820694E+0 3.081443E-5
1.677730E+0 2.399444E+0 3.081443E-5
1.678707E+0 -3.287440E+0 3.081443E-5
1.679683E+0 -1.855188E+0 3.081443E-5
1.680660E+0 3.536820E+0 3.081443E-5
1.681636E+0 1.177817E+0 3.081443E-5
1.682613E+0 -3.835066E+0 3.081443E-5
1.683589E+0 -5.914359E-1 3.081443E-5
1.684566E+0 3.915946E+0 3.081443E-5
1.685543E+0 -1.701853E-1 3.081443E-5
1.686519E+0 -3.919316E+0 3.081443E-5
1.687496E+0 7.986912E-1 -4.219452E-3
1.688472E+0 3.705321E+0 3.081443E-5
1.689449E+0 -1.518187E+0 3.081443E-5
1.690425E+0 -3.540190E+0 3.081443E-5
1.691402E+0 2.062443E+0 3.081443E-5
1.692378E+0 3.073445E+0 3.081443E-5
1.693355E+0 -2.655564E+0 3.081443E-5
1.694332E+0 -2.697689E+0 3.081443E-5
1.695308E+0 3.031320E+0 3.081443E-5
1.696285E+0 2.062443E+0 3.081443E-5
1.697261E+0 -3.498065E+0 3.081443E-5
1.698238E+0 -1.560312E+0 3.081443E-5
1.699214E+0 3.705321E+0 3.081443E-5
1.700191E+0 7.986912E-1 3.081443E-5
1.701168E+0 -3.919316E+0 3.081443E-5
1.702144E+0 -2.544354E-1 3.081443E-5
1.703121E+0 3.915946E+0 3.081443E-5
1.704097E+0 -5.493108E-1 3.081443E-5
1.705074E+0 -3.877191E+0 3.081443E-5
1.706050E+0 1.135692E+0 3.081443E-5
1.707027E+0 3.578946E+0 -4.219452E-3
1.708003E+0 -1.813063E+0 3.081443E-5
1.708980E+0 -3.329565E+0 3.081443E-5
1.709957E+0 2.357319E+0 3.081443E-5
1.710933E+0 2.820694E+0 3.081443E-5
1.711910E+0 -2.908314E+0 3.081443E-5
1.712886E+0 -2.402814E+0 3.081443E-5
1.713863E+0 3.241945E+0 3.081443E-5
1.714839E+0 1.767568E+0 3.081443E-5
1.715816E+0 -3.624441E+0 3.081443E-5
1.716792E+0 -1.223312E+0 3.081443E-5
1.717769E+0 3.831696E+0 3.081443E-5
1.718746E+0 4.616907E-1 3.081443E-5
1.719722E+0 -3.919316E+0 3.081443E-5
1.720699E+0 1.246902E-1 3.081443E-5
1.721675E+0 3.873821E+0 3.081443E-5
1.722652E+0 -8.863114E-1 3.081443E-5
1.723628E+0 -3.750816E+0 -4.219452E-3
1.724605E+0 1.472692E+0 3.081443E-5
1.725582E+0 3.410445E+0 3.081443E-5
1.726558E+0 -2.107938E+0 3.081443E-5
1.727535E+0 -3.076815E+0 3.081443E-5
1.728511E+0 2.652194E+0 3.081443E-5
1.729488E+0 2.567944E+0 3.081443E-5
1.730464E+0 -3.118940E+0 3.081443E-5
1.731441E+0 -2.150063E+0 -4.219452E-3
1.732417E+0 3.452570E+0 3.081443E-5
1.733394E+0 1.430567E+0 3.081443E-5
1.734371E+0 -3.750816E+0 3.081443E-5
1.735347E+0 -8.863114E-1 3.081443E-5
1.736324E+0 3.915946E+0 3.081443E-5
1.737300E+0 1.246902E-1 3.081443E-5
1.738277E+0 -3.961441E+0 -4.219452E-3
1.739253E+0 5.038158E-1 3.081443E-5
1.740230E+0 3.831696E+0 3.081443E-5
1.741206E+0 -1.265437E+0 3.081443E-5
1.742183E+0 -3.624441E+0 3.081443E-5
1.743160E+0 1.767568E+0 3.081443E-5
1.744136E+0 3.241945E+0 3.081443E-5
1.745113E+0 -2.402814E+0 3.081443E-5
1.746089E+0 -2.908314E+0 3.081443E-5
1.747066E+0 2.862819E+0 3.081443E-5
1.748042E+0 2.315194E+0 3.081443E-5
1.749019E+0 -3.329565E+0 -4.219452E-3
1.749996E+0 -1.770938E+0 3.081443E-5
1.750972E+0 3.621071E+0 3.081443E-5
1.751949E+0 1.093567E+0 3.081443E-5
1.752925E+0 -3.877191E+0 3.081443E-5
1.753902E+0 -5.071858E-1 -4.219452E-3
1.754878E+0 3.915946E+0 3.081443E-5
1.755855E+0 -2.544354E-1 3.081443E-5
1.756831E+0 -3.919316E+0 -4.219452E-3
1.757808E+0 8.408163E-1 3.081443E-5
1.758785E+0 3.705321E+0 3.081443E-5
1.759761E+0 -1.560312E+0 3.081443E-5
1.760738E+0 -3.455940E+0 3.081443E-5
1.761714E+0 2.104568E+0 3.081443E-5
1.762691E+0 3.031320E+0 3.081443E-5
1.763667E+0 -2.739814E+0 3.081443E-5
1.764644E+0 -2.655564E+0 3.081443E-5
1.765620E+0 3.073445E+0 3.081443E-5
1.766597E+0 2.020318E+0 3.081443E-5
1.767574E+0 -3.540190E+0 3.081443E-5
1.768550E+0 -1.476062E+0 3.081443E-5
1.769527E+0 3.705321E+0 3.081443E-5
1.770503E+0 7.565662E-1 3.081443E-5
1.771480E+0 -3.919316E+0 3.081443E-5
1.772456E+0 -1.701853E-1 3.081443E-5
1.773433E+0 3.915946E+0 3.081443E-5
1.774410E+0 -6.335610E-1 3.081443E-5
1.775386E+0 -3.835066E+0 3.081443E-5
1.776363E+0 1.177817E+0 3.081443E-5
1.777339E+0 3.578946E+0 3.081443E-5
1.778316E+0 -1.897313E+0 3.081443E-5
1.779292E+0 -3.245315E+0 3.081443E-5
1.780269E+0 2.399444E+0 3.081443E-5
1.781245E+0 2.778569E+0 3.081443E-5
1.782222E+0 -2.908314E+0 3.081443E-5
1.783199E+0 -2.360689E+0 3.081443E-5
1.784175E+0 3.284070E+0 3.081443E-5
1.785152E+0 1.683318E+0 3.081443E-5
1.786128E+0 -3.666566E+0 3.081443E-5
1.787105E+0 -1.181187E+0 3.081443E-5
1.788081E+0 3.831696E+0 3.081443E-5
1.789058E+0 4.195656E-1 3.081443E-5
1.790034E+0 -3.961441E+0 3.081443E-5
1.791011E+0 2.089403E-1 3.081443E-5
1.791988E+0 3.873821E+0 3.081443E-5
1.792964E+0 -9.705615E-1 3.081443E-5
1.793941E+0 -3.792941E+0 -4.219452E-3
1.794917E+0 1.514817E+0 3.081443E-5
1.795894E+0 3.410445E+0 3.081443E-5
1.796870E+0 -2.192188E+0 -4.219452E-3
1.797847E+0 -3.076815E+0 3.081443E-5
1.798824E+0 2.652194E+0 3.081443E-5
1.799800E+0 2.525819E+0 3.081443E-5
1.800777E+0 -3.161065E+0 3.081443E-5
1.801753E+0 -2.065813E+0 3.081443E-5
1.802730E+0 3.494695E+0 3.081443E-5
1.803706E+0 1.388442E+0 3.081443E-5
1.804683E+0 -3.792941E+0 3.081443E-5
1.805659E+0 -8.441863E-1 3.081443E-5
1.806636E+0 3.915946E+0 3.081443E-5
1.807613E+0 4.044006E-2 3.081443E-5
1.808589E+0 -3.919316E+0 3.081443E-5
1.809566E+0 5.459408E-1 3.081443E-5
1.810542E+0 3.747446E+0 3.081443E-5
1.811519E+0 -1.307562E+0 3.081443E-5
1.812495E+0 -3.582316E+0 3.081443E-5
1.813472E+0 1.809693E+0 3.081443E-5
1.814448E+0 3.199820E+0 3.081443E-5
1.815425E+0 -2.487064E+0 3.081443E-5
1.816402E+0 -2.824064E+0 3.081443E-5
1.817378E+0 2.904944E+0 3.081443E-5
1.818355E+0 2.273069E+0 3.081443E-5
1.819331E+0 -3.371690E+0 3.081443E-5
1.820308E+0 -1.770938E+0 -4.219452E-3
1.821284E+0 3.621071E+0 3.081443E-5
1.822261E+0 1.009317E+0 3.081443E-5
1.823238E+0 -3.877191E+0 3.081443E-5
1.824214E+0 -4.650607E-1 3.081443E-5
1.825191E+0 3.915946E+0 3.081443E-5
1.826167E+0 -2.965605E-1 3.081443E-5
1.827144E+0 -3.877191E+0 3.081443E-5
1.828120E+0 9.250664E-1 3.081443E-5
1.829097E+0 3.663196E+0 -4.219452E-3
1.830073E+0 -1.602437E+0 3.081443E-5
1.831050E+0 -3.413815E+0 3.081443E-5
1.832027E+0 2.146693E+0 3.081443E-5
1.833003E+0 2.989195E+0 3.081443E-5
1.833980E+0 -2.739814E+0 3.081443E-5
1.834956E+0 -2.571314E+0 3.081443E-5
1.835933E+0 3.115570E+0 3.081443E-5
1.836909E+0 1.978193E+0 3.081443E-5
1.837886E+0 -3.540190E+0 3.081443E-5
1.838862E+0 -1.433937E+0 3.081443E-5
1.839839E+0 3.747446E+0 3.081443E-5
1.840816E+0 7.144411E-1 3.081443E-5
1.841792E+0 -3.919316E+0 3.081443E-5
1.842769E+0 -1.280602E-1 3.081443E-5
1.843745E+0 3.915946E+0 -4.219452E-3
1.844722E+0 -6.756860E-1 3.081443E-5
1.845698E+0 -3.835066E+0 -4.219452E-3
1.846675E+0 1.262067E+0 3.081443E-5
1.847652E+0 3.536820E+0 3.081443E-5
1.848628E+0 -1.939438E+0 3.081443E-5
1.849605E+0 -3.245315E+0 -4.219452E-3
1.850581E+0 2.441569E+0 3.081443E-5
1.851558E+0 2.736444E+0 3.081443E-5
1.852534E+0 -2.992565E+0 -4.219452E-3
1.853511E+0 -2.360689E+0 3.081443E-5
1.854487E+0 3.284070E+0 3.081443E-5
1.855464E+0 1.641193E+0 3.081443E-5
1.856441E+0 -3.666566E+0 3.081443E-5
1.857417E+0 -1.139062E+0 3.081443E-5
1.858394E+0 3.831696E+0 3.081443E-5
1.859370E+0 3.353155E-1 3.081443E-5
1.860347E+0 -3.961441E+0 3.081443E-5
1.861323E+0 2.510654E-1 3.081443E-5
1.862300E+0 3.873821E+0 3.081443E-5
1.863276E+0 -1.012687E+0 3.081443E-5
1.864253E+0 -3.708691E+0 3.081443E-5
1.865230E+0 1.556942E+0 3.081443E-5
1.866206E+0 3.368320E+0 3.081443E-5
1.867183E+0 -2.234313E+0 3.081443E-5
1.868159E+0 -3.034690E+0 3.081443E-5
1.869136E+0 2.694319E+0 3.081443E-5
1.870112E+0 2.525819E+0 3.081443E-5
1.871089E+0 -3.203190E+0 3.081443E-5
1.872066E+0 -2.023688E+0 3.081443E-5
1.873042E+0 3.494695E+0 3.081443E-5
1.874019E+0 1.304192E+0 3.081443E-5
1.874995E+0 -3.792941E+0 -4.219452E-3
1.875972E+0 -8.020612E-1 -4.219452E-3
1.876948E+0 3.915946E+0 3.081443E-5
1.877925E+0 -1.685003E-3 3.081443E-5
1.878901E+0 -3.961441E+0 -4.219452E-3
1.879878E+0 6.301910E-1 3.081443E-5
1.880855E+0 3.747446E+0 3.081443E-5
1.881831E+0 -1.391812E+0 3.081443E-5
1.882808E+0 -3.582316E+0 -4.219452E-3
1.883784E+0 1.851818E+0 3.081443E-5
1.884761E+0 3.157695E+0 3.081443E-5
1.885737E+0 -2.529189E+0 -4.219452E-3
1.886714E+0 -2.824064E+0 3.081443E-5
1.887690E+0 2.947070E+0 3.081443E-5
1.888667E+0 2.230943E+0 3.081443E-5
1.889644E+0 -3.371690E+0 -4.219452E-3
1.890620E+0 -1.686688E+0 3.081443E-5
1.891597E+0 3.621071E+0 3.081443E-5
1.892573E+0 9.671915E-1 3.081443E-5
1.893550E+0 -3.877191E+0 3.081443E-5
1.894526E+0 -4.229357E-1 -4.219452E-3
1.895503E+0 3.915946E+0 3.081443E-5
1.896480E+0 -3.808106E-1 3.081443E-5
1.897456E+0 -3.877191E+0 3.081443E-5
1.898433E+0 9.671915E-1 3.081443E-5
1.899409E+0 3.663196E+0 -4.219452E-3
1.900386E+0 -1.686688E+0 -4.219452E-3
1.901362E+0 -3.413815E+0 -4.219452E-3
1.902339E+0 2.188818E+0 3.081443E-5
1.903315E+0 2.989195E+0 3.081443E-5
1.904292E+0 -2.781939E+0 3.081443E-5
1.905269E+0 -2.571314E+0 3.081443E-5
1.906245E+0 3.157695E+0 3.081443E-5
1.907222E+0 1.936068E+0 3.081443E-5
1.908198E+0 -3.540190E+0 3.081443E-5
1.909175E+0 -1.391812E+0 3.081443E-5
1.910151E+0 3.789571E+0 3.081443E-5
1.911128E+0 6.301910E-1 3.081443E-5
1.912104E+0 -3.919316E+0 3.081443E-5
1.913081E+0 -4.381007E-2 3.081443E-5
1.914058E+0 3.915946E+0 3.081443E-5
1.915034E+0 -7.599362E-1 3.081443E-5
1.916011E+0 -3.792941E+0 3.081443E-5
1.916987E+0 1.304192E+0 3.081443E-5
1.917964E+0 3.494695E+0 -4.219452E-3
1.918940E+0 -1.981563E+0 3.081443E-5
1.919917E+0 -3.203190E+0 3.081443E-5
1.920894E+0 2.483694E+0 3.081443E-5
1.921870E+0 2.694319E+0 3.081443E-5
1.922847E+0 -3.034690E+0 3.081443E-5
1.923823E+0 -2.276439E+0 3.081443E-5
1.924800E+0 3.326195E+0 3.081443E-5
1.925776E+0 1.599067E+0 3.081443E-5
1.926753E+0 -3.708691E+0 3.081443E-5
1.927729E+0 -1.012687E+0 3.081443E-5
1.928706E+0 3.873821E+0 3.081443E-5
1.929683E+0 2.931905E-1 3.081443E-5
1.930659E+0 -3.961441E+0 -4.219452E-3
1.931636E+0 3.353155E-1 3.081443E-5
1.932612E+0 3.831696E+0 3.081443E-5
1.933589E+0 -1.096937E+0 3.081443E-5
1.934565E+0 -3.708691E+0 3.081443E-5
1.935542E+0 1.641193E+0 3.081443E-5
1.936518E+0 3.368320E+0 3.081443E-5
1.937495E+0 -2.276439E+0 3.081443E-5
1.938472E+0 -2.992565E+0 3.081443E-5
1.939448E+0 2.736444E+0 3.081443E-5
1.940425E+0 2.441569E+0 3.081443E-5
1.941401E+0 -3.245315E+0 3.081443E-5
1.942378E+0 -1.981563E+0 3.081443E-5
1.943354E+0 3.494695E+0 3.081443E-5
1.944331E+0 1.262067E+0 3.081443E-5
1.945308E+0 -3.835066E+0 3.081443E-5
1.946284E+0 -7.178111E-1 3.081443E-5
1.947261E+0 3.915946E+0 3.081443E-5
1.948237E+0 -8.593513E-2 -4.219452E-3
1.949214E+0 -3.919316E+0 3.081443E-5
1.950190E+0 7.144411E-1 3.081443E-5
1.951167E+0 3.747446E+0 3.081443E-5
1.952143E+0 -1.433937E+0 -4.219452E-3
1.953120E+0 -3.540190E+0 3.081443E-5
1.954097E+0 1.936068E+0 3.081443E-5
1.955073E+0 3.157695E+0 3.081443E-5
1.956050E+0 -2.571314E+0 -4.219452E-3
1.957026E+0 -2.739814E+0 3.081443E-5
1.958003E+0 3.031320E+0 3.081443E-5
1.958979E+0 2.146693E+0 3.081443E-5
1.959956E+0 -3.413815E+0 -4.219452E-3
1.960932E+0 -1.644563E+0 3.081443E-5
1.961909E+0 3.663196E+0 3.081443E-5
1.962886E+0 9.250664E-1 3.081443E-5
1.963862E+0 -3.877191E+0 3.081443E-5
1.964839E+0 -3.386855E-1 3.081443E-5
1.965815E+0 3.958071E+0 3.081443E-5
1.966792E+0 -4.229357E-1 3.081443E-5
1.967768E+0 -3.877191E+0 3.081443E-5
1.968745E+0 1.051442E+0 3.081443E-5
1.969722E+0 3.621071E+0 3.081443E-5
1.970698E+0 -1.770938E+0 3.081443E-5
1.971675E+0 -3.371690E+0 3.081443E-5
1.972651E+0 2.230943E+0 3.081443E-5
1.973628E+0 2.904944E+0 3.081443E-5
1.974604E+0 -2.824064E+0 -4.219452E-3
1.975581E+0 -2.529189E+0 3.081443E-5
1.976557E+0 3.199820E+0 3.081443E-5
1.977534E+0 1.851818E+0 3.081443E-5
1.978511E+0 -3.582316E+0 3.081443E-5
1.979487E+0 -1.307562E+0 3.081443E-5
1.980464E+0 3.789571E+0 3.081443E-5
1.981440E+0 5.459408E-1 3.081443E-5
1.982417E+0 -3.961441E+0 3.081443E-5
1.983393E+0 4.044006E-2 3.081443E-5
1.984370E+0 3.873821E+0 3.081443E-5
1.985346E+0 -8.020612E-1 3.081443E-5
1.986323E+0 -3.792941E+0 -4.219452E-3
1.987300E+0 1.388442E+0 3.081443E-5
1.988276E+0 3.494695E+0 -4.219452E-3
1.989253E+0 -2.065813E+0 -4.219452E-3
1.990229E+0 -3.161065E+0 -4.219452E-3
1.991206E+0 2.525819E+0 3.081443E-5
1.992182E+0 2.652194E+0 3.081443E-5
1.993159E+0 -3.076815E+0 -4.219452E-3
1.994136E+0 -2.234313E+0 3.081443E-5
1.995112E+0 3.410445E+0 3.081443E-5
1.996089E+0 1.514817E+0 3.081443E-5
1.997065E+0 -3.708691E+0 3.081443E-5
1.998042E+0 -9.705615E-1 3.081443E-5
1.999018E+0 3.873821E+0 3.081443E-5
1.999995E+0 2.089403E-1 3.081443E-5
