% Langmuir characteristic curve

% U (Volt)	I (A)
65.000000	-1.922017E-7
65.004997	-1.330627E-7
65.010002	-1.245644E-7
65.019997	-2.175802E-7
65.025002	-2.683373E-7
65.029999	-4.079193E-7
65.035004	-2.810266E-7
65.040001	-3.995374E-7
65.050003	-3.656605E-7
65.055000	-4.628673E-7
65.059998	-3.444729E-7
65.065002	-5.475013E-7
65.070000	-4.247995E-7
65.080002	-4.247995E-7
65.084999	-3.190944E-7
65.089996	-2.387678E-7
65.095001	-3.154855E-8
65.099998	-2.091983E-7
65.110001	-2.345769E-7
65.114998	-1.965091E-7
65.120003	-2.514571E-7
65.125000	-4.713656E-7
65.129997	-2.768356E-7
65.139999	-4.079193E-7
65.144997	-2.302695E-7
65.150002	-4.122267E-7
65.154999	-3.402820E-7
65.160004	-3.995374E-7
65.169998	-4.164176E-7
65.175003	-2.599554E-7
65.180000	-3.571622E-7
65.184998	-3.317837E-7
65.190002	-2.429588E-7
65.199997	-2.260786E-7
65.205002	-1.838198E-7
65.209999	-3.360910E-7
65.214996	-2.514571E-7
65.220001	-2.726447E-7
65.230003	-5.475013E-7
65.235001	-4.291069E-7
65.239998	-4.755566E-7
65.245003	-5.306210E-7
65.250000	-3.360910E-7
65.260002	-3.741588E-7
65.264999	-1.626322E-7
65.269997	-2.302695E-7
65.275002	-2.218876E-7
65.279999	-3.022142E-7
65.290001	-1.838198E-7
65.294998	-1.880107E-7
65.300003	-3.952300E-7
65.305000	-4.967442E-7
65.309998	-3.529713E-7
65.320000	-4.798640E-7
65.324997	-3.910391E-7
65.330002	-5.263137E-7
65.334999	-4.374888E-7
65.339996	-3.064051E-7
65.349998	-2.726447E-7
65.355003	-2.895249E-7
65.360001	-2.895249E-7
65.364998	-2.599554E-7
65.370003	-3.573950E-8
65.379997	-3.107125E-7
65.385002	-1.795124E-7
65.389999	-3.868481E-7
65.394997	-3.783498E-7
65.400002	-2.048910E-7
65.410004	-4.967442E-7
65.415001	-5.179318E-7
65.419998	-2.472661E-7
65.425003	-4.417961E-7
65.430000	-3.402820E-7
65.440002	-3.741588E-7
65.445000	-4.374888E-7
65.449997	-2.514571E-7
65.455002	-2.302695E-7
65.459999	-2.980232E-7
65.470001	-1.541339E-7
65.474998	-1.922017E-7
65.480003	-1.795124E-7
65.485001	-1.287553E-7
65.489998	-2.556480E-7
65.500000	-3.952300E-7
65.504997	-3.825407E-7
65.510002	-3.487803E-7
65.514999	-3.360910E-7
65.519997	-4.501780E-7
65.529999	-3.487803E-7
65.535004	-2.175802E-7
65.540001	-2.302695E-7
65.544998	-2.302695E-7
65.550003	-4.004687E-8
65.559998	-2.260786E-7
65.565002	-1.838198E-7
65.570000	-3.444729E-7
65.574997	-4.417961E-7
65.580002	-2.980232E-7
65.589996	-3.487803E-7
65.595001	-3.825407E-7
65.599998	-2.218876E-7
65.605003	-3.064051E-7
65.610001	-3.360910E-7
65.620003	-3.783498E-7
65.625000	-2.937159E-7
65.629997	-2.937159E-7
65.635002	-1.922017E-7
65.639999	-1.457520E-7
65.650002	-1.838198E-7
65.654999	-2.218876E-7
65.660004	-2.556480E-7
65.665001	-3.190944E-7
65.669998	-3.402820E-7
65.680000	-3.022142E-7
65.684998	-3.444729E-7
65.690002	-5.559996E-7
65.695000	-3.317837E-7
65.705002	-2.895249E-7
65.709999	-2.641464E-7
65.714996	-1.711305E-7
65.720001	-2.302695E-7
65.724998	-2.133893E-7
65.735001	-2.726447E-7
65.739998	-2.302695E-7
65.745003	-2.429588E-7
65.750000	-2.260786E-7
65.754997	-2.218876E-7
65.764999	-3.064051E-7
65.769997	-3.741588E-7
65.775002	-2.937159E-7
65.779999	-4.544854E-7
65.785004	-5.348120E-7
65.794998	-2.218876E-7
65.800003	-6.532064E-7
65.805000	-2.260786E-7
65.809998	-2.768356E-7
65.815002	-2.048910E-7
65.824997	-3.022142E-7
65.830002	-1.160661E-7
65.834999	-4.374888E-7
65.839996	-1.668232E-7
65.845001	-3.234018E-7
65.855003	-2.980232E-7
65.860001	-3.234018E-7
65.864998	-4.798640E-7
65.870003	-5.179318E-7
65.875000	-4.459871E-7
65.885002	-4.291069E-7
65.889999	-3.234018E-7
65.894997	-3.022142E-7
65.900002	-2.937159E-7
65.904999	-3.571622E-7
65.915001	-2.305023E-8
65.919998	-3.107125E-7
65.925003	-1.880107E-7
65.930000	-2.302695E-7
65.934998	-2.133893E-7
65.945000	-2.641464E-7
65.949997	-2.895249E-7
65.955002	-6.828923E-7
65.959999	-3.487803E-7
65.964996	-4.417961E-7
65.974998	-6.448245E-7
65.980003	-4.374888E-7
65.985001	-3.825407E-7
65.989998	-1.711305E-7
65.995003	-2.302695E-7
66.004997	-1.922017E-7
66.010002	-1.372537E-7
66.014999	-1.711305E-7
66.019997	-2.514571E-7
66.025002	-2.980232E-7
66.035004	-4.122267E-7
66.040001	-3.444729E-7
66.044998	-2.175802E-7
66.050003	-4.374888E-7
66.055000	-3.317837E-7
66.065002	-4.291069E-7
66.070000	-3.360910E-7
66.074997	-2.937159E-7
66.080002	-2.007000E-7
66.084999	-1.753215E-7
66.095001	-1.965091E-7
66.099998	-3.571622E-7
66.105003	-3.317837E-7
66.110001	-1.965091E-7
66.114998	-6.111804E-8
66.125000	-2.726447E-7
66.129997	-4.713656E-7
66.135002	-3.149034E-7
66.139999	-4.079193E-7
66.144997	-3.571622E-7
66.154999	-4.882459E-7
66.160004	-3.783498E-7
66.165001	-4.247995E-7
66.169998	-3.868481E-7
66.175003	-2.599554E-7
66.184998	-2.305023E-8
66.190002	-1.499429E-7
66.195000	-2.091983E-7
66.199997	-7.811468E-8
66.205002	-2.556480E-7
66.214996	-1.118751E-7
66.220001	-3.910391E-7
66.224998	-5.052425E-7
66.230003	-5.094334E-7
66.235001	-3.402820E-7
66.245003	-3.190944E-7
66.250000	-4.925532E-7
66.254997	-2.556480E-7
66.260002	-2.429588E-7
66.264999	-2.768356E-7
66.275002	-3.149034E-7
66.279999	-1.330627E-7
66.285004	-2.048910E-7
66.290001	-1.457520E-7
66.294998	-1.965091E-7
66.305000	-3.825407E-7
66.309998	-1.160661E-7
66.315002	-5.136244E-7
66.320000	-4.374888E-7
66.324997	-3.910391E-7
66.334999	-5.052425E-7
66.339996	-3.571622E-7
66.345001	-3.234018E-7
66.349998	-3.614696E-7
66.355003	-9.918585E-8
66.364998	-2.175802E-7
66.370003	-3.149034E-7
66.375000	-1.753215E-7
66.379997	-2.514571E-7
66.385002	-1.457520E-7
66.394997	-2.726447E-7
66.400002	-1.965091E-7
66.404999	-3.783498E-7
66.410004	-4.079193E-7
66.415001	-3.022142E-7
66.425003	-4.628673E-7
66.430000	-5.263137E-7
66.434998	-3.275927E-7
66.440002	-1.287553E-7
66.445000	-2.853340E-7
66.455002	-3.571622E-7
66.459999	-2.048910E-7
66.464996	-2.726447E-7
66.470001	-1.457520E-7
66.474998	-3.107125E-7
66.485001	-2.429588E-7
66.489998	-1.160661E-7
66.495003	-4.079193E-7
66.500000	-3.571622E-7
66.504997	-3.317837E-7
66.514999	-4.374888E-7
66.519997	-2.980232E-7
66.525002	-3.402820E-7
66.529999	-3.149034E-7
66.535004	-3.149034E-7
66.544998	-1.795124E-7
66.550003	-1.330627E-7
66.555000	-6.170012E-9
66.559998	-1.541339E-7
66.565002	-1.668232E-7
66.574997	-1.838198E-7
66.580002	-2.895249E-7
66.584999	-2.641464E-7
66.589996	-5.306210E-7
66.595001	-3.064051E-7
66.605003	-2.048910E-7
66.610001	-5.052425E-7
66.614998	-1.922017E-7
66.620003	-4.164176E-7
66.625000	-2.768356E-7
66.635002	-2.683373E-7
66.639999	-3.444729E-7
66.644997	-2.218876E-7
66.650002	-6.542541E-8
66.654999	-1.584413E-7
66.665001	-2.218876E-7
66.669998	-2.937159E-7
66.675003	-3.868481E-7
66.680000	-4.037283E-7
66.684998	-4.291069E-7
66.695000	-3.317837E-7
66.699997	-5.094334E-7
66.705002	-3.952300E-7
66.709999	-1.668232E-7
66.714996	-2.556480E-7
66.724998	-2.472661E-7
66.730003	-1.036096E-8
66.735001	-2.007000E-7
66.739998	-2.048910E-7
66.745003	-2.048910E-7
66.754997	-1.753215E-7
66.760002	-2.726447E-7
66.764999	-3.698515E-7
66.769997	-2.980232E-7
66.775002	-3.868481E-7
66.785004	-4.122267E-7
66.790001	-3.444729E-7
66.794998	-1.880107E-7
66.800003	-3.360910E-7
66.805000	-2.768356E-7
66.815002	-3.317837E-7
66.820000	-2.091983E-7
66.824997	-2.641464E-7
66.830002	-1.414446E-7
66.834999	-1.541339E-7
66.845001	-2.302695E-7
66.849998	-3.022142E-7
66.855003	-4.206086E-7
66.860001	-2.937159E-7
66.864998	-3.529713E-7
66.875000	-2.175802E-7
66.879997	-2.091983E-7
66.885002	-4.840549E-7
66.889999	-4.501780E-7
66.894997	-2.726447E-7
66.904999	-2.260786E-7
66.910004	-2.260786E-7
66.915001	-2.091983E-7
66.919998	-2.556480E-7
66.925003	-2.260786E-7
66.934998	-3.275927E-7
66.940002	-1.287553E-7
66.945000	-1.118751E-7
66.949997	-3.190944E-7
66.955002	-3.698515E-7
66.964996	-2.175802E-7
66.970001	-2.810266E-7
66.974998	-4.882459E-7
66.980003	-3.741588E-7
66.985001	-2.768356E-7
66.995003	-3.573950E-8
67.000000	-9.499490E-8
67.004997	-4.840549E-7
67.010002	-1.965091E-7
67.014999	-1.880107E-7
67.025002	-2.345769E-7
67.029999	-3.571622E-7
67.035004	-2.260786E-7
67.040001	-4.332978E-7
67.044998	-5.009351E-7
67.055000	-4.840549E-7
67.059998	-5.009351E-7
67.065002	-4.459871E-7
67.070000	-3.275927E-7
67.080002	-4.037283E-7
67.084999	-2.218876E-7
67.089996	-1.965091E-7
67.095001	-1.499429E-7
67.099998	-2.429588E-7
67.110001	-1.668232E-7
67.114998	-1.457520E-7
67.120003	-1.965091E-7
67.125000	-2.556480E-7
67.129997	-2.768356E-7
67.139999	-4.544854E-7
67.144997	-3.571622E-7
67.150002	-4.882459E-7
67.154999	-3.107125E-7
67.160004	-3.064051E-7
67.169998	-2.133893E-7
67.175003	-1.372537E-7
67.180000	-2.345769E-7
67.184998	-6.170012E-9
67.190002	-7.380731E-8
67.199997	-1.541339E-7
67.205002	-1.753215E-7
67.209999	-2.853340E-7
67.214996	-2.641464E-7
67.220001	-4.967442E-7
67.230003	-4.459871E-7
67.235001	-3.360910E-7
67.239998	-4.501780E-7
67.245003	-3.107125E-7
67.250000	-3.149034E-7
67.260002	-2.726447E-7
67.264999	-2.218876E-7
67.269997	-1.880107E-7
67.275002	-1.414446E-7
67.279999	-1.584413E-7
67.290001	-2.048910E-7
67.294998	-1.711305E-7
67.300003	-1.372537E-7
67.305000	-2.641464E-7
67.309998	-7.380731E-8
67.320000	-3.656605E-7
67.324997	-3.149034E-7
67.330002	-4.671747E-7
67.334999	-4.925532E-7
67.339996	-3.783498E-7
67.349998	-3.149034E-7
67.355003	-3.571622E-7
67.360001	-2.133893E-7
67.364998	-1.076842E-7
67.370003	-1.118751E-7
67.379997	-1.880107E-7
67.385002	-1.711305E-7
67.389999	-4.247995E-7
67.394997	-3.444729E-7
67.400002	-4.417961E-7
67.410004	-3.571622E-7
67.415001	-3.444729E-7
67.419998	-4.079193E-7
67.425003	-4.925532E-7
67.430000	-3.571622E-7
67.440002	-2.091983E-7
67.445000	-3.995374E-7
67.449997	-3.571622E-7
67.455002	-1.203734E-7
67.459999	-9.080395E-8
67.470001	-1.457520E-7
67.474998	-1.245644E-7
67.480003	-2.218876E-7
67.485001	-2.175802E-7
67.489998	-9.918585E-8
67.500000	-3.022142E-7
67.504997	-3.783498E-7
67.510002	-3.529713E-7
67.514999	-3.275927E-7
67.519997	-3.190944E-7
67.529999	-2.599554E-7
67.535004	-2.429588E-7
67.540001	-1.287553E-7
67.544998	-2.768356E-7
67.550003	-2.937159E-7
67.559998	2.770685E-8
67.565002	-2.683373E-7
67.570000	-1.584413E-7
67.574997	-2.133893E-7
67.580002	-2.683373E-7
67.589996	-1.584413E-7
67.595001	-4.374888E-7
67.599998	-5.052425E-7
67.605003	-2.091983E-7
67.610001	-4.122267E-7
67.620003	-3.064051E-7
67.625000	-2.556480E-7
67.629997	-1.414446E-7
67.635002	-1.372537E-7
67.639999	-1.203734E-7
67.650002	-1.076842E-7
67.654999	-1.541339E-7
67.660004	-1.499429E-7
67.665001	-2.048910E-7
67.669998	-3.360910E-7
67.680000	-3.234018E-7
67.684998	-1.668232E-7
67.690002	-3.149034E-7
67.695000	-3.402820E-7
67.699997	-3.698515E-7
67.709999	-2.683373E-7
67.714996	-2.302695E-7
67.720001	-2.345769E-7
67.724998	-1.245644E-7
67.730003	-1.160661E-7
67.739998	-1.838198E-7
67.745003	-1.414446E-7
67.750000	6.519258E-9
67.754997	-2.683373E-7
67.760002	-3.402820E-7
67.769997	-2.472661E-7
67.775002	-3.360910E-7
67.779999	-2.641464E-7
67.785004	-3.107125E-7
67.790001	-3.487803E-7
67.800003	-2.556480E-7
67.805000	-2.302695E-7
67.809998	-2.048910E-7
67.815002	-1.668232E-7
67.820000	-2.641464E-7
67.830002	-1.584413E-7
67.834999	2.770685E-8
67.839996	-1.795124E-7
67.845001	-2.091983E-7
67.849998	-2.007000E-7
67.860001	-3.444729E-7
67.864998	-2.937159E-7
67.870003	-3.234018E-7
67.875000	-2.853340E-7
67.879997	-3.487803E-7
67.889999	-2.726447E-7
67.894997	-4.079193E-7
67.900002	-6.542541E-8
67.904999	-1.753215E-7
67.910004	-1.626322E-7
67.919998	-9.499490E-8
67.925003	-1.457520E-7
67.930000	-1.203734E-7
67.934998	-1.753215E-7
67.940002	-2.048910E-7
67.949997	-1.330627E-7
67.955002	-3.698515E-7
67.959999	-3.741588E-7
67.964996	-1.414446E-7
67.970001	-3.868481E-7
67.980003	-2.472661E-7
67.985001	-2.007000E-7
67.989998	-2.683373E-7
67.995003	-9.499490E-8
68.000000	-5.273614E-8
68.010002	-3.573950E-8
68.014999	8.684583E-8
68.019997	-1.965091E-7
68.025002	-1.753215E-7
68.029999	-9.080395E-8
68.040001	-2.895249E-7
68.044998	-1.414446E-7
68.050003	-4.713656E-7
68.055000	-4.122267E-7
68.059998	-4.417961E-7
68.070000	-1.965091E-7
68.074997	-3.952300E-7
68.080002	-2.302695E-7
68.084999	-1.414446E-7
68.089996	-1.330627E-7
68.099998	6.577466E-8
68.105003	-4.004687E-8
68.110001	-2.387678E-7
68.114998	-2.937159E-7
68.120003	-2.937159E-7
68.129997	-3.234018E-7
68.135002	-2.726447E-7
68.139999	-1.203734E-7
68.144997	-3.149034E-7
68.150002	-2.810266E-7
68.160004	-3.952300E-7
68.165001	-2.218876E-7
68.169998	-2.726447E-7
68.175003	-7.811468E-8
68.180000	-9.080395E-8
68.190002	-1.838198E-7
68.195000	-2.735760E-8
68.199997	-1.036096E-8
68.205002	-1.922017E-7
68.209999	-1.287553E-7
68.220001	-1.245644E-7
68.224998	-2.556480E-7
68.230003	-2.048910E-7
68.235001	-3.529713E-7
68.239998	-2.556480E-7
68.250000	-3.275927E-7
68.254997	-3.107125E-7
68.260002	-1.838198E-7
68.264999	-1.287553E-7
68.269997	-8.230563E-8
68.279999	-3.154855E-8
68.285004	1.920853E-8
68.290001	-4.004687E-8
68.294998	1.080334E-7
68.300003	-1.414446E-7
68.309998	-2.726447E-7
68.315002	-2.091983E-7
68.320000	-2.260786E-7
68.324997	-2.345769E-7
68.330002	-3.190944E-7
68.339996	-1.499429E-7
68.345001	-2.302695E-7
68.349998	-1.414446E-7
68.355003	-1.160661E-7
68.360001	1.334120E-7
68.370003	-2.895249E-7
68.375000	1.920853E-8
68.379997	-1.541339E-7
68.385002	-6.170012E-9
68.389999	-1.245644E-7
68.400002	-1.160661E-7
68.404999	-1.372537E-7
68.410004	-3.064051E-7
68.415001	-2.175802E-7
68.419998	-3.107125E-7
68.430000	6.519258E-9
68.434998	-2.683373E-7
68.440002	-9.499490E-8
68.445000	1.920853E-8
68.449997	-6.961636E-8
68.459999	-2.735760E-8
68.464996	4.877802E-8
68.470001	1.165317E-7
68.474998	7.415656E-8
68.485001	4.039612E-8
68.489998	1.071021E-8
68.495003	6.996561E-8
68.500000	-1.372537E-7
68.504997	5.308539E-8
68.514999	-1.287553E-7
68.519997	-4.004687E-8
68.525002	-1.118751E-7
68.529999	-1.838198E-7
68.535004	-2.133893E-7
68.544998	7.415656E-8
68.550003	-1.626322E-7
68.555000	1.544831E-7
68.559998	1.376029E-7
68.565002	7.846393E-8
68.574997	8.265488E-8
68.580002	1.038425E-7
68.584999	1.841690E-7
68.589996	-6.170012E-9
68.595001	-1.541339E-7
68.605003	4.458707E-8
68.610001	-1.466833E-8
68.614998	-6.961636E-8
68.620003	4.877802E-8
68.625000	1.165317E-7
68.635002	1.629815E-7
68.639999	2.010493E-7
68.644997	1.756707E-7
68.650002	1.798617E-7
68.654999	1.502922E-7
68.665001	1.925509E-7
68.669998	5.727634E-8
68.675003	3.067544E-7
68.680000	1.292210E-7
68.684998	5.308539E-8
68.695000	1.417939E-7
68.699997	-4.423782E-8
68.705002	1.292210E-7
68.709999	1.841690E-7
68.714996	1.292210E-7
68.724998	2.349261E-7
68.730003	2.603047E-7
68.735001	2.264278E-7
68.739998	2.179295E-7
68.745003	5.181646E-7
68.754997	3.828900E-7
68.760002	3.490131E-7
68.764999	2.010493E-7
68.769997	2.476154E-7
68.775002	1.461012E-7
68.785004	2.179295E-7
68.790001	2.306188E-7
68.794998	2.729939E-7
68.800003	2.813758E-7
68.805000	3.617024E-7
68.815002	3.702007E-7
68.820000	3.702007E-7
68.824997	4.378380E-7
68.830002	5.012844E-7
68.834999	3.406312E-7
68.845001	6.577466E-7
68.849998	2.052402E-7
68.855003	4.421454E-7
68.860001	3.660098E-7
68.864998	5.393522E-7
68.875000	3.575115E-7
68.879997	3.743917E-7
68.885002	3.617024E-7
68.889999	4.124595E-7
68.894997	4.802132E-7
68.904999	2.898742E-7
68.910004	6.408663E-7
68.915001	5.986076E-7
68.919998	5.097827E-7
68.925003	7.211929E-7
68.934998	6.662449E-7
68.940002	7.211929E-7
68.945000	5.816109E-7
68.949997	5.901093E-7
68.955002	6.196788E-7
68.964996	5.732290E-7
68.970001	5.859183E-7
68.974998	7.719500E-7
68.980003	7.085036E-7
68.985001	7.170020E-7
68.995003	5.181646E-7
69.000000	8.988427E-7
69.004997	9.537907E-7
69.010002	8.649658E-7
69.014999	7.931376E-7
69.025002	1.013046E-6
69.029999	8.227071E-7
69.035004	9.115320E-7
69.040001	6.704358E-7
69.044998	7.677590E-7
69.055000	8.353963E-7
69.059998	1.034117E-6
69.065002	7.634517E-7
69.070000	6.789342E-7
69.074997	9.579817E-7
69.084999	9.833602E-7
69.089996	1.131441E-6
69.095001	1.186389E-6
69.099998	1.169508E-6
69.105003	1.241337E-6
69.114998	1.093373E-6
69.120003	1.114444E-6
69.125000	1.241337E-6
69.129997	1.266715E-6
69.135002	1.186389E-6
69.144997	1.199078E-6
69.150002	1.254026E-6
69.154999	1.249835E-6
69.160004	1.245528E-6
69.165001	1.516193E-6
69.175003	1.444365E-6
69.180000	1.452747E-6
69.184998	1.558452E-6
69.190002	1.461245E-6
69.195000	1.482433E-6
69.205002	1.672655E-6
69.209999	1.698034E-6
69.214996	1.621898E-6
69.220001	1.414679E-6
69.224998	1.554261E-6
69.235001	1.824927E-6
69.239998	1.617707E-6
69.245003	1.774170E-6
69.250000	1.736102E-6
69.254997	1.808046E-6
69.264999	1.888373E-6
69.269997	1.934823E-6
69.275002	2.065906E-6
69.279999	1.985580E-6
69.285004	2.082903E-6
69.294998	2.222485E-6
69.300003	2.391636E-6
69.305000	2.159039E-6
69.309998	2.154731E-6
69.315002	2.273126E-6
69.324997	2.180110E-6
69.330002	2.421206E-6
69.334999	2.298504E-6
69.339996	2.345070E-6
69.345001	2.230867E-6
69.355003	2.442277E-6
69.360001	2.408517E-6
69.364998	2.772198E-6
69.370003	2.611428E-6
69.375000	2.653804E-6
69.385002	2.793269E-6
69.389999	2.784887E-6
69.394997	2.856716E-6
69.400002	2.911780E-6
69.404999	2.835644E-6
69.415001	2.848334E-6
69.419998	3.114692E-6
69.425003	2.894783E-6
69.430000	2.983608E-6
69.434998	3.059744E-6
69.445000	3.178138E-6
69.449997	3.118883E-6
69.455002	3.389549E-6
69.459999	3.512250E-6
69.464996	3.546011E-6
69.474998	3.609457E-6
69.480003	3.639143E-6
69.485001	3.651716E-6
69.489998	3.672903E-6
69.495003	3.778609E-6
69.504997	3.787107E-6
69.510002	3.778609E-6
69.514999	3.808294E-6
69.519997	3.901310E-6
69.525002	3.863242E-6
69.535004	4.045083E-6
69.540001	4.171859E-6
69.544998	4.121219E-6
69.550003	4.400266E-6
69.555000	4.400266E-6
69.565002	4.649744E-6
69.570000	4.683621E-6
69.574997	4.675123E-6
69.580002	4.704692E-6
69.584999	4.823203E-6
69.595001	4.776637E-6
69.599998	4.878151E-6
69.605003	4.899222E-6
69.610001	4.988047E-6
69.614998	5.009235E-6
69.625000	5.081063E-6
69.629997	5.275593E-6
69.635002	5.415175E-6
69.639999	5.529379E-6
69.644997	5.753478E-6
69.654999	5.816924E-6
69.660004	5.821115E-6
69.665001	5.952199E-6
69.669998	5.812733E-6
69.675003	6.011454E-6
69.684998	6.091781E-6
69.690002	6.032642E-6
69.695000	6.269431E-6
69.699997	6.294809E-6
69.705002	6.595044E-6
69.714996	6.514718E-6
69.720001	6.586546E-6
69.724998	6.793765E-6
69.730003	6.844522E-6
69.735001	7.077120E-6
69.745003	7.246272E-6
69.750000	7.292838E-6
69.754997	7.660710E-6
69.760002	7.563387E-6
69.764999	7.415423E-6
69.775002	7.711467E-6
69.779999	7.648021E-6
69.785004	7.829862E-6
69.790001	7.905997E-6
69.794998	8.024392E-6
69.805000	8.451520E-6
69.809998	8.358504E-6
69.815002	8.569914E-6
69.820000	8.637551E-6
69.824997	8.832081E-6
69.834999	9.035110E-6
69.839996	9.161886E-6
69.845001	9.250711E-6
69.849998	9.597512E-6
69.860001	9.538257E-6
69.864998	9.677839E-6
69.870003	9.665149E-6
69.875000	9.872369E-6
69.879997	1.000764E-5
69.889999	1.016841E-5
69.894997	1.027831E-5
69.900002	1.042639E-5
69.904999	1.059973E-5
69.910004	1.067587E-5
69.919998	1.107331E-5
69.925003	1.114944E-5
69.930000	1.131860E-5
69.934998	1.153850E-5
69.940002	1.167390E-5
69.949997	1.178379E-5
69.955002	1.180917E-5
69.959999	1.201220E-5
69.964996	1.214747E-5
69.970001	1.231243E-5
69.980003	1.262105E-5
69.985001	1.263805E-5
69.989998	1.287065E-5
69.995003	1.291709E-5
70.000000	1.317926E-5
70.010002	1.356832E-5
70.014999	1.372478E-5
70.019997	1.399126E-5
70.025002	1.399964E-5
70.029999	1.424493E-5
70.040001	1.449452E-5
70.044998	1.460442E-5
70.050003	1.484971E-5
70.055000	1.491315E-5
70.059998	1.503574E-5
70.070000	1.543330E-5
70.074997	1.546706E-5
70.080002	1.577998E-5
70.084999	1.599989E-5
70.089996	1.603377E-5
70.099998	1.652003E-5
70.105003	1.692609E-5
70.110001	1.700642E-5
70.114998	1.705717E-5
70.120003	1.736160E-5
70.129997	1.769990E-5
70.135002	1.779723E-5
70.139999	1.806358E-5
70.144997	1.848652E-5
70.150002	1.835113E-5
70.160004	1.869793E-5
70.165001	1.898967E-5
70.169998	1.906999E-5
70.175003	1.944217E-5
70.180000	1.962821E-5
70.190002	2.008071E-5
70.195000	2.037676E-5
70.199997	2.077431E-5
70.205002	2.078700E-5
70.209999	2.097304E-5
70.220001	2.136629E-5
70.224998	2.179341E-5
70.230003	2.190331E-5
70.235001	2.213172E-5
70.239998	2.205558E-5
70.250000	2.272381E-5
70.254997	2.307899E-5
70.260002	2.307899E-5
70.264999	2.348074E-5
70.269997	2.371753E-5
70.279999	2.418272E-5
70.285004	2.461404E-5
70.290001	2.471975E-5
70.294998	2.508762E-5
70.300003	2.525258E-5
70.309998	2.573885E-5
70.315002	2.630136E-5
70.320000	2.615759E-5
70.324997	2.645352E-5
70.330002	2.667343E-5
70.339996	2.719788E-5
70.345001	2.749811E-5
70.349998	2.785749E-5
70.355003	2.803514E-5
70.360001	2.834806E-5
70.370003	2.883864E-5
70.375000	2.922339E-5
70.379997	2.958288E-5
70.385002	2.976472E-5
70.389999	3.011990E-5
70.400002	3.096566E-5
70.404999	3.113062E-5
70.410004	3.135903E-5
70.415001	3.169302E-5
70.419998	3.187067E-5
70.430000	3.248814E-5
70.434998	3.292365E-5
70.440002	3.324926E-5
70.445000	3.351574E-5
70.449997	3.376941E-5
70.459999	3.449258E-5
70.464996	3.475894E-5
70.470001	3.520725E-5
70.474998	3.535522E-5
70.480003	3.585429E-5
70.489998	3.660691E-5
70.495003	3.675069E-5
70.500000	3.763032E-5
70.504997	3.753311E-5
70.510002	3.779528E-5
70.519997	3.850565E-5
70.525002	3.883557E-5
70.529999	3.952067E-5
70.535004	3.946561E-5
70.540001	4.009996E-5
70.550003	4.064129E-5
70.555000	4.103454E-5
70.559998	4.148704E-5
70.565002	4.183373E-5
70.570000	4.232430E-5
70.580002	4.320394E-5
70.584999	4.347879E-5
70.589996	4.392280E-5
70.595001	4.407088E-5
70.599998	4.471361E-5
70.610001	4.552549E-5
70.614998	4.574971E-5
70.620003	4.654052E-5
70.625000	4.661654E-5
70.629997	4.691677E-5
70.639999	4.784716E-5
70.644997	4.850689E-5
70.650002	4.884938E-5
70.654999	4.920037E-5
70.660004	4.996581E-5
70.669998	5.051552E-5
70.675003	5.092577E-5
70.680000	5.154312E-5
70.684998	5.185604E-5
70.690002	5.245232E-5
70.699997	5.317968E-5
70.705002	5.358143E-5
70.709999	5.401706E-5
70.714996	5.480356E-5
70.720001	5.511229E-5
70.730003	5.600450E-5
70.735001	5.666004E-5
70.739998	5.696027E-5
70.745003	5.764957E-5
70.750000	5.799206E-5
70.760002	5.885481E-5
70.764999	6.003038E-5
70.769997	6.028416E-5
70.775002	6.086775E-5
70.779999	6.109604E-5
70.790001	6.215321E-5
70.794998	6.260572E-5
70.800003	6.320619E-5
70.805000	6.381515E-5
70.809998	6.428454E-5
70.820000	6.509235E-5
70.824997	6.592111E-5
70.830002	6.642437E-5
70.834999	6.696989E-5
70.839996	6.750273E-5
70.849998	6.819202E-5
70.855003	6.910542E-5
70.860001	6.958749E-5
70.864998	7.050519E-5
70.870003	7.090264E-5
70.879997	7.191335E-5
70.885002	7.264072E-5
70.889999	7.304247E-5
70.894997	7.386284E-5
70.900002	7.418427E-5
70.910004	7.535564E-5
70.915001	7.609988E-5
70.919998	7.656508E-5
70.925003	7.752504E-5
70.930000	7.771107E-5
70.940002	7.881899E-5
70.945000	7.986778E-5
70.949997	8.025684E-5
70.955002	8.121249E-5
70.959999	8.120830E-5
70.970001	8.251506E-5
70.974998	8.377945E-5
70.980003	8.403312E-5
70.985001	8.490006E-5
70.989998	8.586852E-5
71.000000	8.674385E-5
71.004997	8.775026E-5
71.010002	8.856645E-5
71.014999	8.914585E-5
71.019997	9.023258E-5
71.029999	9.108684E-5
71.035004	9.208056E-5
71.040001	9.267684E-5
71.044998	9.325624E-5
71.050003	9.420770E-5
71.059998	9.527337E-5
71.065002	9.592460E-5
71.070000	9.685918E-5
71.074997	9.767956E-5
71.080002	9.843649E-5
71.089996	9.965023E-5
71.095001	0.000101
71.099998	0.000101
71.105003	0.000102
71.110001	0.000103
71.120003	0.000104
71.125000	0.000105
71.129997	0.000106
71.135002	0.000107
71.139999	0.000108
71.150002	0.000109
71.154999	0.000109
71.160004	0.000111
71.165001	0.000111
71.169998	0.000112
71.180000	0.000114
71.184998	0.000114
71.190002	0.000115
71.195000	0.000116
71.199997	0.000117
71.209999	0.000119
71.214996	0.000119
71.220001	0.000120
71.224998	0.000121
71.235001	0.000122
71.239998	0.000124
71.245003	0.000124
71.250000	0.000125
71.254997	0.000126
71.264999	0.000127
71.269997	0.000129
71.275002	0.000129
71.279999	0.000130
71.285004	0.000131
71.294998	0.000133
71.300003	0.000134
71.305000	0.000135
71.309998	0.000135
71.315002	0.000137
71.324997	0.000138
71.330002	0.000139
71.334999	0.000140
71.339996	0.000141
71.345001	0.000142
71.355003	0.000144
71.360001	0.000145
71.364998	0.000146
71.370003	0.000146
71.375000	0.000148
71.385002	0.000149
71.389999	0.000150
71.394997	0.000151
71.400002	0.000152
71.404999	0.000153
71.415001	0.000155
71.419998	0.000156
71.425003	0.000157
71.430000	0.000158
71.434998	0.000159
71.445000	0.000160
71.449997	0.000161
71.455002	0.000162
71.459999	0.000163
71.464996	0.000164
71.474998	0.000165
71.480003	0.000166
71.485001	0.000168
71.489998	0.000168
71.495003	0.000169
71.504997	0.000171
71.510002	0.000172
71.514999	0.000173
71.519997	0.000173
71.525002	0.000174
71.535004	0.000176
71.540001	0.000177
71.544998	0.000178
71.550003	0.000178
71.555000	0.000179
71.565002	0.000181
71.570000	0.000182
71.574997	0.000183
71.580002	0.000183
71.584999	0.000184
71.595001	0.000186
71.599998	0.000187
71.605003	0.000187
71.610001	0.000188
71.614998	0.000189
71.625000	0.000190
71.629997	0.000191
71.635002	0.000192
71.639999	0.000193
71.644997	0.000193
71.654999	0.000194
71.660004	0.000195
71.665001	0.000196
71.669998	0.000197
71.675003	0.000197
71.684998	0.000198
71.690002	0.000199
71.695000	0.000199
71.699997	0.000200
71.705002	0.000201
71.714996	0.000201
71.720001	0.000202
71.724998	0.000202
71.730003	0.000203
71.735001	0.000203
71.745003	0.000205
71.750000	0.000205
71.754997	0.000206
71.760002	0.000206
71.764999	0.000206
71.775002	0.000207
71.779999	0.000208
71.785004	0.000208
71.790001	0.000209
71.794998	0.000209
71.805000	0.000210
71.809998	0.000210
71.815002	0.000210
71.820000	0.000211
71.824997	0.000211
71.834999	0.000212
71.839996	0.000212
71.845001	0.000212
71.849998	0.000213
71.855003	0.000213
71.864998	0.000214
71.870003	0.000214
71.875000	0.000214
71.879997	0.000215
71.885002	0.000215
71.894997	0.000216
71.900002	0.000216
71.904999	0.000217
71.910004	0.000217
71.915001	0.000217
71.925003	0.000218
71.930000	0.000218
71.934998	0.000218
71.940002	0.000218
71.945000	0.000219
71.955002	0.000220
71.959999	0.000220
71.964996	0.000220
71.970001	0.000220
71.974998	0.000221
71.985001	0.000221
71.989998	0.000221
71.995003	0.000221
72.000000	0.000222
72.004997	0.000222
72.014999	0.000223
72.019997	0.000223
72.025002	0.000223
72.029999	0.000223
72.035004	0.000224
72.044998	0.000224
72.050003	0.000224
72.055000	0.000225
72.059998	0.000225
72.065002	0.000225
72.074997	0.000226
72.080002	0.000226
72.084999	0.000226
72.089996	0.000226
72.095001	0.000227
72.105003	0.000227
72.110001	0.000227
72.114998	0.000228
72.120003	0.000228
72.125000	0.000228
72.135002	0.000229
72.139999	0.000229
72.144997	0.000229
72.150002	0.000229
72.154999	0.000230
72.165001	0.000230
72.169998	0.000230
72.175003	0.000230
72.180000	0.000231
72.184998	0.000231
72.195000	0.000231
72.199997	0.000232
72.205002	0.000232
72.209999	0.000232
72.214996	0.000232
72.224998	0.000233
72.230003	0.000233
72.235001	0.000233
72.239998	0.000233
72.245003	0.000234
72.254997	0.000234
72.260002	0.000234
72.264999	0.000234
72.269997	0.000235
72.275002	0.000235
72.285004	0.000235
72.290001	0.000235
72.294998	0.000236
72.300003	0.000236
72.305000	0.000236
72.315002	0.000236
72.320000	0.000237
72.324997	0.000237
72.330002	0.000237
72.334999	0.000237
72.345001	0.000238
72.349998	0.000238
72.355003	0.000238
72.360001	0.000238
72.364998	0.000238
72.375000	0.000239
72.379997	0.000239
72.385002	0.000239
72.389999	0.000239
72.394997	0.000239
72.404999	0.000240
72.410004	0.000240
72.415001	0.000240
72.419998	0.000241
72.425003	0.000241
72.434998	0.000241
72.440002	0.000241
72.445000	0.000241
72.449997	0.000242
72.455002	0.000242
72.464996	0.000242
72.470001	0.000242
72.474998	0.000242
72.480003	0.000243
72.485001	0.000243
72.495003	0.000243
72.500000	0.000243
72.504997	0.000244
72.510002	0.000244
72.514999	0.000244
72.525002	0.000244
72.529999	0.000245
72.535004	0.000245
72.540001	0.000245
72.544998	0.000245
72.555000	0.000245
72.559998	0.000245
72.565002	0.000246
72.570000	0.000246
72.574997	0.000246
72.584999	0.000246
72.589996	0.000246
72.595001	0.000247
72.599998	0.000247
72.605003	0.000247
72.614998	0.000247
72.620003	0.000247
72.625000	0.000248
72.629997	0.000248
72.639999	0.000248
72.644997	0.000248
72.650002	0.000248
72.654999	0.000248
72.660004	0.000248
72.669998	0.000249
72.675003	0.000249
72.680000	0.000249
72.684998	0.000249
72.690002	0.000249
72.699997	0.000250
72.705002	0.000250
72.709999	0.000250
72.714996	0.000250
72.720001	0.000250
72.730003	0.000251
72.735001	0.000251
72.739998	0.000251
72.745003	0.000251
72.750000	0.000251
72.760002	0.000251
72.764999	0.000252
72.769997	0.000252
72.775002	0.000252
72.779999	0.000252
72.790001	0.000252
72.794998	0.000252
72.800003	0.000253
72.805000	0.000253
72.809998	0.000253
72.820000	0.000253
72.824997	0.000253
72.830002	0.000253
72.834999	0.000253
72.839996	0.000254
72.849998	0.000254
72.855003	0.000254
72.860001	0.000254
72.864998	0.000254
72.870003	0.000255
72.879997	0.000255
72.885002	0.000255
72.889999	0.000255
72.894997	0.000255
72.900002	0.000255
72.910004	0.000256
72.915001	0.000256
72.919998	0.000256
72.925003	0.000256
72.930000	0.000256
72.940002	0.000256
72.945000	0.000256
72.949997	0.000256
72.955002	0.000257
72.959999	0.000257
72.970001	0.000257
72.974998	0.000257
72.980003	0.000257
72.985001	0.000257
72.989998	0.000257
73.000000	0.000258
73.004997	0.000258
73.010002	0.000258
73.014999	0.000258
73.019997	0.000258
73.029999	0.000258
73.035004	0.000258
73.040001	0.000259
73.044998	0.000259
73.050003	0.000259
73.059998	0.000259
73.065002	0.000259
73.070000	0.000259
73.074997	0.000260
73.080002	0.000260
73.089996	0.000260
73.095001	0.000260
73.099998	0.000260
73.105003	0.000260
73.110001	0.000260
73.120003	0.000260
73.125000	0.000260
73.129997	0.000261
73.135002	0.000261
73.139999	0.000261
73.150002	0.000261
73.154999	0.000261
73.160004	0.000261
73.165001	0.000262
73.169998	0.000261
73.180000	0.000262
73.184998	0.000262
73.190002	0.000262
73.195000	0.000262
73.199997	0.000262
73.209999	0.000262
73.214996	0.000262
73.220001	0.000262
73.224998	0.000263
73.230003	0.000263
73.239998	0.000263
73.245003	0.000263
73.250000	0.000263
73.254997	0.000263
73.260002	0.000263
73.269997	0.000264
73.275002	0.000264
73.279999	0.000264
73.285004	0.000264
73.290001	0.000264
73.300003	0.000264
73.305000	0.000264
73.309998	0.000264
73.315002	0.000264
73.320000	0.000264
73.330002	0.000265
73.334999	0.000265
73.339996	0.000265
73.345001	0.000265
73.349998	0.000265
73.360001	0.000265
73.364998	0.000265
73.370003	0.000266
73.375000	0.000266
73.379997	0.000266
73.389999	0.000266
73.394997	0.000266
73.400002	0.000266
73.404999	0.000266
73.410004	0.000266
73.419998	0.000266
73.425003	0.000267
73.430000	0.000267
73.434998	0.000267
73.440002	0.000267
73.449997	0.000267
73.455002	0.000267
73.459999	0.000267
73.464996	0.000267
73.470001	0.000267
73.480003	0.000267
73.485001	0.000267
73.489998	0.000268
73.495003	0.000268
73.500000	0.000268
73.510002	0.000268
73.514999	0.000268
73.519997	0.000268
73.525002	0.000268
73.529999	0.000269
73.540001	0.000269
73.544998	0.000269
73.550003	0.000269
73.555000	0.000269
73.559998	0.000269
73.570000	0.000269
73.574997	0.000269
73.580002	0.000269
73.584999	0.000269
73.589996	0.000269
73.599998	0.000270
73.605003	0.000270
73.610001	0.000270
73.614998	0.000270
73.620003	0.000270
73.629997	0.000270
73.635002	0.000270
73.639999	0.000270
73.644997	0.000270
73.650002	0.000270
73.660004	0.000271
73.665001	0.000271
73.669998	0.000271
73.675003	0.000271
73.680000	0.000271
73.690002	0.000271
73.695000	0.000271
73.699997	0.000271
73.705002	0.000271
73.709999	0.000272
73.720001	0.000272
73.724998	0.000272
73.730003	0.000272
73.735001	0.000272
73.739998	0.000272
73.750000	0.000272
73.754997	0.000272
73.760002	0.000272
73.764999	0.000272
73.769997	0.000272
73.779999	0.000272
73.785004	0.000273
73.790001	0.000273
73.794998	0.000273
73.800003	0.000273
73.809998	0.000273
73.815002	0.000273
73.820000	0.000273
73.824997	0.000273
73.830002	0.000273
73.839996	0.000273
73.845001	0.000273
73.849998	0.000273
73.855003	0.000274
73.860001	0.000274
73.870003	0.000274
73.875000	0.000274
73.879997	0.000274
73.885002	0.000274
73.889999	0.000274
73.900002	0.000274
73.904999	0.000275
73.910004	0.000275
73.915001	0.000275
73.919998	0.000275
73.930000	0.000275
73.934998	0.000275
73.940002	0.000275
73.945000	0.000275
73.949997	0.000275
73.959999	0.000275
73.964996	0.000275
73.970001	0.000275
73.974998	0.000275
73.980003	0.000276
73.989998	0.000276
73.995003	0.000276
74.000000	0.000276
74.004997	0.000276
74.014999	0.000276
74.019997	0.000276
74.025002	0.000276
74.029999	0.000276
74.035004	0.000276
74.044998	0.000276
74.050003	0.000276
74.055000	0.000276
74.059998	0.000277
74.065002	0.000277
74.074997	0.000277
74.080002	0.000277
74.084999	0.000277
74.089996	0.000277
74.095001	0.000277
74.105003	0.000277
74.110001	0.000277
74.114998	0.000277
74.120003	0.000277
74.125000	0.000277
74.135002	0.000277
74.139999	0.000277
74.144997	0.000278
74.150002	0.000278
74.154999	0.000278
74.165001	0.000278
74.169998	0.000278
74.175003	0.000278
74.180000	0.000278
74.184998	0.000278
74.195000	0.000278
74.199997	0.000279
74.205002	0.000278
74.209999	0.000278
74.214996	0.000278
74.224998	0.000279
74.230003	0.000279
74.235001	0.000279
74.239998	0.000279
74.245003	0.000279
74.254997	0.000279
74.260002	0.000279
74.264999	0.000279
74.269997	0.000279
74.275002	0.000279
74.285004	0.000279
74.290001	0.000280
74.294998	0.000280
74.300003	0.000280
74.305000	0.000280
74.315002	0.000280
74.320000	0.000280
74.324997	0.000280
74.330002	0.000280
74.334999	0.000280
74.345001	0.000280
74.349998	0.000280
74.355003	0.000280
74.360001	0.000280
74.364998	0.000280
74.375000	0.000281
74.379997	0.000281
74.385002	0.000281
74.389999	0.000281
74.394997	0.000281
74.404999	0.000281
74.410004	0.000281
74.415001	0.000281
74.419998	0.000281
74.425003	0.000281
74.434998	0.000281
74.440002	0.000281
74.445000	0.000281
74.449997	0.000281
74.455002	0.000282
74.464996	0.000282
74.470001	0.000282
74.474998	0.000282
74.480003	0.000282
74.485001	0.000282
74.495003	0.000282
74.500000	0.000282
74.504997	0.000282
74.510002	0.000282
74.514999	0.000282
74.525002	0.000282
74.529999	0.000282
74.535004	0.000282
74.540001	0.000282
74.544998	0.000283
74.555000	0.000283
74.559998	0.000283
74.565002	0.000283
74.570000	0.000283
74.574997	0.000283
74.584999	0.000283
74.589996	0.000283
74.595001	0.000283
74.599998	0.000283
74.605003	0.000283
74.614998	0.000283
74.620003	0.000283
74.625000	0.000283
74.629997	0.000283
74.635002	0.000283
74.644997	0.000284
74.650002	0.000284
74.654999	0.000284
74.660004	0.000284
74.665001	0.000284
74.675003	0.000284
74.680000	0.000284
74.684998	0.000284
74.690002	0.000284
74.695000	0.000284
74.705002	0.000284
74.709999	0.000284
74.714996	0.000284
74.720001	0.000284
74.724998	0.000284
74.735001	0.000284
74.739998	0.000284
74.745003	0.000285
74.750000	0.000285
74.754997	0.000285
74.764999	0.000285
74.769997	0.000285
74.775002	0.000285
74.779999	0.000285
74.785004	0.000285
74.794998	0.000285
74.800003	0.000285
74.805000	0.000285
74.809998	0.000285
74.815002	0.000285
74.824997	0.000285
74.830002	0.000285
74.834999	0.000285
74.839996	0.000285
74.845001	0.000285
74.855003	0.000285
74.860001	0.000286
74.864998	0.000285
74.870003	0.000286
74.875000	0.000286
74.885002	0.000286
74.889999	0.000286
74.894997	0.000286
74.900002	0.000286
74.904999	0.000286
74.915001	0.000286
74.919998	0.000286
74.925003	0.000286
74.930000	0.000286
74.934998	0.000286
74.945000	0.000286
74.949997	0.000286
74.955002	0.000286
74.959999	0.000286
74.964996	0.000286
74.974998	0.000286
74.980003	0.000286
74.985001	0.000287
74.989998	0.000287
74.995003	0.000287
75.004997	0.000287
75.010002	0.000287
75.014999	0.000287
75.019997	0.000287
75.025002	0.000287
75.035004	0.000287
75.040001	0.000287
75.044998	0.000287
75.050003	0.000287
75.055000	0.000287
75.065002	0.000287
75.070000	0.000287
75.074997	0.000287
75.080002	0.000287
75.084999	0.000288
75.095001	0.000288
75.099998	0.000288
75.105003	0.000288
75.110001	0.000288
75.114998	0.000288
75.125000	0.000288
75.129997	0.000288
75.135002	0.000288
75.139999	0.000288
75.144997	0.000288
75.154999	0.000288
75.160004	0.000288
75.165001	0.000288
75.169998	0.000288
75.175003	0.000288
75.184998	0.000288
75.190002	0.000289
75.195000	0.000288
75.199997	0.000289
75.205002	0.000289
75.214996	0.000289
75.220001	0.000289
75.224998	0.000289
75.230003	0.000289
75.235001	0.000289
75.245003	0.000289
75.250000	0.000289
75.254997	0.000289
75.260002	0.000289
75.264999	0.000289
75.275002	0.000289
75.279999	0.000289
75.285004	0.000289
75.290001	0.000289
75.294998	0.000289
75.305000	0.000289
75.309998	0.000289
75.315002	0.000289
75.320000	0.000289
75.324997	0.000289
75.334999	0.000289
75.339996	0.000289
75.345001	0.000289
75.349998	0.000290
75.355003	0.000289
75.364998	0.000290
75.370003	0.000290
75.375000	0.000290
75.379997	0.000290
75.389999	0.000290
75.394997	0.000290
75.400002	0.000290
75.404999	0.000290
75.410004	0.000290
75.419998	0.000290
75.425003	0.000290
75.430000	0.000290
75.434998	0.000290
75.440002	0.000290
75.449997	0.000290
75.455002	0.000290
75.459999	0.000290
75.464996	0.000291
75.470001	0.000291
75.480003	0.000291
75.485001	0.000291
75.489998	0.000291
75.495003	0.000291
75.500000	0.000291
75.510002	0.000291
75.514999	0.000291
75.519997	0.000291
75.525002	0.000291
75.529999	0.000291
75.540001	0.000291
75.544998	0.000291
75.550003	0.000291
75.555000	0.000291
75.559998	0.000291
75.570000	0.000291
75.574997	0.000291
75.580002	0.000291
75.584999	0.000291
75.589996	0.000291
75.599998	0.000291
75.605003	0.000291
75.610001	0.000291
75.614998	0.000291
75.620003	0.000291
75.629997	0.000291
75.635002	0.000292
75.639999	0.000292
75.644997	0.000292
75.650002	0.000292
75.660004	0.000292
75.665001	0.000292
75.669998	0.000292
75.675003	0.000292
75.680000	0.000292
75.690002	0.000292
75.695000	0.000292
75.699997	0.000292
75.705002	0.000292
75.709999	0.000292
75.720001	0.000292
75.724998	0.000292
75.730003	0.000292
75.735001	0.000292
75.739998	0.000292
75.750000	0.000292
75.754997	0.000292
75.760002	0.000292
75.764999	0.000292
75.769997	0.000292
75.779999	0.000292
75.785004	0.000292
75.790001	0.000292
75.794998	0.000292
75.800003	0.000293
75.809998	0.000293
75.815002	0.000292
75.820000	0.000293
75.824997	0.000293
75.830002	0.000293
75.839996	0.000293
75.845001	0.000293
75.849998	0.000293
75.855003	0.000293
75.860001	0.000293
75.870003	0.000293
75.875000	0.000293
75.879997	0.000293
75.885002	0.000293
75.889999	0.000293
75.900002	0.000293
75.904999	0.000293
75.910004	0.000293
75.915001	0.000293
75.919998	0.000293
75.930000	0.000293
75.934998	0.000293
75.940002	0.000293
75.945000	0.000294
75.949997	0.000294
75.959999	0.000294
75.964996	0.000294
75.970001	0.000294
75.974998	0.000294
75.980003	0.000293
75.989998	0.000294
75.995003	0.000294
76.000000	0.000294
76.004997	0.000294
76.010002	0.000294
76.019997	0.000294
76.025002	0.000294
76.029999	0.000294
76.035004	0.000294
76.040001	0.000294
76.050003	0.000294
76.055000	0.000294
76.059998	0.000294
76.065002	0.000294
76.070000	0.000294
76.080002	0.000294
76.084999	0.000294
76.089996	0.000294
76.095001	0.000294
76.099998	0.000294
76.110001	0.000294
76.114998	0.000294
76.120003	0.000295
76.125000	0.000295
76.129997	0.000294
76.139999	0.000295
76.144997	0.000294
76.150002	0.000294
76.154999	0.000295
76.160004	0.000295
76.169998	0.000294
76.175003	0.000295
76.180000	0.000295
76.184998	0.000295
76.190002	0.000295
76.199997	0.000295
76.205002	0.000295
76.209999	0.000295
76.214996	0.000295
76.220001	0.000295
76.230003	0.000295
76.235001	0.000295
76.239998	0.000295
76.245003	0.000295
76.250000	0.000295
76.260002	0.000295
76.264999	0.000295
76.269997	0.000295
76.275002	0.000295
76.279999	0.000295
76.290001	0.000295
76.294998	0.000295
76.300003	0.000295
76.305000	0.000295
76.309998	0.000295
76.320000	0.000295
76.324997	0.000295
76.330002	0.000295
76.334999	0.000295
76.339996	0.000295
76.349998	0.000295
76.355003	0.000295
76.360001	0.000295
76.364998	0.000295
76.370003	0.000296
76.379997	0.000296
76.385002	0.000296
76.389999	0.000296
76.394997	0.000296
76.400002	0.000296
76.410004	0.000296
76.415001	0.000296
76.419998	0.000296
76.425003	0.000296
76.430000	0.000296
76.440002	0.000296
76.445000	0.000296
76.449997	0.000296
76.455002	0.000296
76.459999	0.000296
76.470001	0.000296
76.474998	0.000296
76.480003	0.000296
76.485001	0.000296
76.489998	0.000296
76.500000	0.000296
76.504997	0.000296
76.510002	0.000296
76.514999	0.000296
76.519997	0.000296
76.529999	0.000296
76.535004	0.000296
76.540001	0.000296
76.544998	0.000296
76.550003	0.000296
76.559998	0.000296
76.565002	0.000296
76.570000	0.000296
76.574997	0.000297
76.580002	0.000297
76.589996	0.000297
76.595001	0.000297
76.599998	0.000297
76.605003	0.000297
76.610001	0.000297
76.620003	0.000297
76.625000	0.000297
76.629997	0.000297
76.635002	0.000297
76.639999	0.000297
76.650002	0.000297
76.654999	0.000297
76.660004	0.000297
76.665001	0.000297
76.669998	0.000297
76.680000	0.000297
76.684998	0.000297
76.690002	0.000297
76.695000	0.000297
76.699997	0.000297
76.709999	0.000297
76.714996	0.000297
76.720001	0.000297
76.724998	0.000297
76.730003	0.000297
76.739998	0.000297
76.745003	0.000297
76.750000	0.000297
76.754997	0.000297
76.760002	0.000297
76.769997	0.000297
76.775002	0.000297
76.779999	0.000297
76.785004	0.000297
76.794998	0.000297
76.800003	0.000297
76.805000	0.000297
76.809998	0.000297
76.815002	0.000297
76.824997	0.000297
76.830002	0.000297
76.834999	0.000297
76.839996	0.000297
76.845001	0.000298
76.855003	0.000298
76.860001	0.000298
76.864998	0.000298
76.870003	0.000298
76.875000	0.000298
76.885002	0.000298
76.889999	0.000298
76.894997	0.000298
76.900002	0.000298
76.904999	0.000298
76.915001	0.000298
76.919998	0.000298
76.925003	0.000298
76.930000	0.000298
76.934998	0.000298
76.945000	0.000298
76.949997	0.000298
76.955002	0.000298
76.959999	0.000298
76.964996	0.000298
76.974998	0.000298
76.980003	0.000298
76.985001	0.000298
76.989998	0.000298
76.995003	0.000298
77.004997	0.000298
77.010002	0.000298
77.014999	0.000298
77.019997	0.000298
77.025002	0.000298
77.035004	0.000298
77.040001	0.000298
77.044998	0.000298
77.050003	0.000298
77.055000	0.000298
77.065002	0.000298
77.070000	0.000298
77.074997	0.000298
77.080002	0.000298
77.084999	0.000298
77.095001	0.000298
77.099998	0.000298
77.105003	0.000298
77.110001	0.000298
77.114998	0.000298
77.125000	0.000299
77.129997	0.000299
77.135002	0.000299
77.139999	0.000299
77.144997	0.000299
77.154999	0.000299
77.160004	0.000299
77.165001	0.000299
77.169998	0.000299
77.175003	0.000299
77.184998	0.000299
77.190002	0.000299
77.195000	0.000299
77.199997	0.000299
77.205002	0.000299
77.214996	0.000299
77.220001	0.000299
77.224998	0.000299
77.230003	0.000299
77.235001	0.000299
77.245003	0.000299
77.250000	0.000299
77.254997	0.000299
77.260002	0.000299
77.264999	0.000299
77.275002	0.000299
77.279999	0.000299
77.285004	0.000299
77.290001	0.000299
77.294998	0.000299
77.305000	0.000299
77.309998	0.000299
77.315002	0.000299
77.320000	0.000299
77.324997	0.000299
77.334999	0.000299
77.339996	0.000299
77.345001	0.000299
77.349998	0.000299
77.355003	0.000299
77.364998	0.000299
77.370003	0.000299
77.375000	0.000299
77.379997	0.000299
77.385002	0.000299
77.394997	0.000299
77.400002	0.000299
77.404999	0.000299
77.410004	0.000300
77.415001	0.000300
77.425003	0.000300
77.430000	0.000300
77.434998	0.000300
77.440002	0.000300
77.445000	0.000299
77.455002	0.000300
77.459999	0.000299
77.464996	0.000300
77.470001	0.000299
77.474998	0.000299
77.485001	0.000300
77.489998	0.000300
77.495003	0.000300
77.500000	0.000300
77.504997	0.000300
77.514999	0.000300
77.519997	0.000300
77.525002	0.000300
77.529999	0.000300
77.535004	0.000300
77.544998	0.000300
77.550003	0.000300
77.555000	0.000300
77.559998	0.000300
77.565002	0.000300
77.574997	0.000300
77.580002	0.000300
77.584999	0.000300
77.589996	0.000300
77.595001	0.000300
77.605003	0.000300
77.610001	0.000300
77.614998	0.000300
77.620003	0.000300
77.625000	0.000300
77.635002	0.000300
77.639999	0.000300
77.644997	0.000300
77.650002	0.000300
77.654999	0.000300
77.665001	0.000300
77.669998	0.000300
77.675003	0.000300
77.680000	0.000300
77.684998	0.000300
77.695000	0.000300
77.699997	0.000300
77.705002	0.000300
77.709999	0.000300
77.714996	0.000300
77.724998	0.000300
77.730003	0.000300
77.735001	0.000300
77.739998	0.000300
77.745003	0.000300
77.754997	0.000300
77.760002	0.000300
77.764999	0.000300
77.769997	0.000300
77.775002	0.000300
77.785004	0.000300
77.790001	0.000301
77.794998	0.000301
77.800003	0.000301
77.805000	0.000301
77.815002	0.000300
77.820000	0.000300
77.824997	0.000300
77.830002	0.000300
77.834999	0.000300
77.845001	0.000300
77.849998	0.000300
77.855003	0.000301
77.860001	0.000301
77.864998	0.000301
77.875000	0.000301
77.879997	0.000301
77.885002	0.000301
77.889999	0.000301
77.894997	0.000301
77.904999	0.000301
77.910004	0.000301
77.915001	0.000301
77.919998	0.000301
77.925003	0.000301
77.934998	0.000301
77.940002	0.000301
77.945000	0.000301
77.949997	0.000301
77.955002	0.000301
77.964996	0.000301
77.970001	0.000301
77.974998	0.000301
77.980003	0.000301
77.985001	0.000301
77.995003	0.000301
78.000000	0.000301
78.004997	0.000301
78.010002	0.000301
78.014999	0.000301
78.025002	0.000301
78.029999	0.000301
78.035004	0.000301
78.040001	0.000301
78.044998	0.000301
78.055000	0.000301
78.059998	0.000301
78.065002	0.000301
78.070000	0.000301
78.074997	0.000301
78.084999	0.000301
78.089996	0.000301
78.095001	0.000301
78.099998	0.000301
78.105003	0.000301
78.114998	0.000301
78.120003	0.000301
78.125000	0.000301
78.129997	0.000301
78.135002	0.000301
78.144997	0.000301
78.150002	0.000301
78.154999	0.000301
78.160004	0.000301
78.169998	0.000301
78.175003	0.000301
78.180000	0.000301
78.184998	0.000301
78.190002	0.000301
78.199997	0.000301
78.205002	0.000301
78.209999	0.000301
78.214996	0.000301
78.220001	0.000301
78.230003	0.000301
78.235001	0.000301
78.239998	0.000301
78.245003	0.000302
78.250000	0.000302
78.260002	0.000302
78.264999	0.000302
78.269997	0.000302
78.275002	0.000302
78.279999	0.000302
78.290001	0.000301
78.294998	0.000301
78.300003	0.000301
78.305000	0.000302
78.309998	0.000301
78.320000	0.000301
78.324997	0.000302
78.330002	0.000302
78.334999	0.000302
78.339996	0.000302
78.349998	0.000302
78.355003	0.000302
78.360001	0.000302
78.364998	0.000302
78.370003	0.000302
78.379997	0.000302
78.385002	0.000302
78.389999	0.000302
78.394997	0.000302
78.400002	0.000302
78.410004	0.000302
78.415001	0.000302
78.419998	0.000302
78.425003	0.000302
78.430000	0.000302
78.440002	0.000302
78.445000	0.000302
78.449997	0.000302
78.455002	0.000302
78.459999	0.000302
78.470001	0.000302
78.474998	0.000302
78.480003	0.000302
78.485001	0.000302
78.489998	0.000302
78.500000	0.000302
78.504997	0.000302
78.510002	0.000302
78.514999	0.000302
78.519997	0.000302
78.529999	0.000302
78.535004	0.000302
78.540001	0.000302
78.544998	0.000302
78.550003	0.000302
78.559998	0.000302
78.565002	0.000302
78.570000	0.000302
78.574997	0.000302
78.580002	0.000302
78.589996	0.000302
78.595001	0.000302
78.599998	0.000302
78.605003	0.000302
78.610001	0.000302
78.620003	0.000302
78.625000	0.000302
78.629997	0.000302
78.635002	0.000302
78.639999	0.000302
78.650002	0.000302
78.654999	0.000302
78.660004	0.000302
78.665001	0.000302
78.669998	0.000302
78.680000	0.000302
78.684998	0.000302
78.690002	0.000302
78.695000	0.000302
78.699997	0.000302
78.709999	0.000303
78.714996	0.000302
78.720001	0.000302
78.724998	0.000302
78.730003	0.000302
78.739998	0.000302
78.745003	0.000302
78.750000	0.000302
78.754997	0.000302
78.760002	0.000302
78.769997	0.000302
78.775002	0.000302
78.779999	0.000302
78.785004	0.000302
78.790001	0.000302
78.800003	0.000303
78.805000	0.000302
78.809998	0.000303
78.815002	0.000303
78.820000	0.000303
78.830002	0.000303
78.834999	0.000303
78.839996	0.000303
78.845001	0.000303
78.849998	0.000302
78.860001	0.000302
78.864998	0.000303
78.870003	0.000303
78.875000	0.000303
78.879997	0.000303
78.889999	0.000303
78.894997	0.000303
78.900002	0.000303
78.904999	0.000303
78.910004	0.000303
78.919998	0.000303
78.925003	0.000303
78.930000	0.000303
78.934998	0.000303
78.940002	0.000303
78.949997	0.000303
78.955002	0.000303
78.959999	0.000303
78.964996	0.000303
78.970001	0.000303
78.980003	0.000303
78.985001	0.000303
78.989998	0.000303
78.995003	0.000303
79.000000	0.000303
79.010002	0.000303
79.014999	0.000303
79.019997	0.000303
79.025002	0.000303
79.029999	0.000303
79.040001	0.000303
79.044998	0.000303
79.050003	0.000303
79.055000	0.000303
79.059998	0.000303
79.070000	0.000303
79.074997	0.000303
79.080002	0.000303
79.084999	0.000303
79.089996	0.000303
79.099998	0.000303
79.105003	0.000303
79.110001	0.000303
79.114998	0.000303
79.120003	0.000303
79.129997	0.000303
79.135002	0.000303
79.139999	0.000303
79.144997	0.000303
79.150002	0.000303
79.160004	0.000303
79.165001	0.000303
79.169998	0.000303
79.175003	0.000303
79.180000	0.000303
79.190002	0.000303
79.195000	0.000303
79.199997	0.000303
79.205002	0.000303
79.209999	0.000303
79.220001	0.000303
79.224998	0.000303
79.230003	0.000303
79.235001	0.000303
79.239998	0.000303
79.250000	0.000303
79.254997	0.000303
79.260002	0.000303
79.264999	0.000303
79.269997	0.000303
79.279999	0.000303
79.285004	0.000303
79.290001	0.000303
79.294998	0.000303
79.300003	0.000303
79.309998	0.000303
79.315002	0.000303
79.320000	0.000303
79.324997	0.000303
79.330002	0.000303
79.339996	0.000303
79.345001	0.000303
79.349998	0.000303
79.355003	0.000303
79.360001	0.000304
79.370003	0.000304
79.375000	0.000304
79.379997	0.000304
79.385002	0.000304
79.389999	0.000304
79.400002	0.000304
79.404999	0.000303
79.410004	0.000303
79.415001	0.000303
79.419998	0.000303
79.430000	0.000304
79.434998	0.000304
79.440002	0.000304
79.445000	0.000304
79.449997	0.000304
79.459999	0.000304
79.464996	0.000304
79.470001	0.000304
79.474998	0.000304
79.480003	0.000304
79.489998	0.000304
79.495003	0.000304
79.500000	0.000303
79.504997	0.000304
79.510002	0.000304
79.519997	0.000304
79.525002	0.000304
79.529999	0.000304
79.535004	0.000304
79.544998	0.000304
79.550003	0.000304
79.555000	0.000304
79.559998	0.000304
79.565002	0.000304
79.574997	0.000304
79.580002	0.000304
79.584999	0.000304
79.589996	0.000304
79.595001	0.000304
79.605003	0.000304
79.610001	0.000304
79.614998	0.000304
79.620003	0.000304
79.625000	0.000304
79.635002	0.000304
79.639999	0.000304
79.644997	0.000304
79.650002	0.000304
79.654999	0.000304
79.665001	0.000304
79.669998	0.000304
79.675003	0.000304
79.680000	0.000304
79.684998	0.000304
79.695000	0.000304
79.699997	0.000304
79.705002	0.000304
79.709999	0.000304
79.714996	0.000304
79.724998	0.000304
79.730003	0.000304
79.735001	0.000304
79.739998	0.000304
79.745003	0.000304
79.754997	0.000304
79.760002	0.000304
79.764999	0.000304
79.769997	0.000304
79.775002	0.000304
79.785004	0.000304
79.790001	0.000304
79.794998	0.000304
79.800003	0.000304
79.805000	0.000304
79.815002	0.000304
79.820000	0.000304
79.824997	0.000304
79.830002	0.000304
79.834999	0.000304
79.845001	0.000304
79.849998	0.000304
79.855003	0.000304
79.860001	0.000304
79.864998	0.000304
79.875000	0.000304
79.879997	0.000304
79.885002	0.000304
79.889999	0.000304
79.894997	0.000304
79.904999	0.000304
79.910004	0.000304
79.915001	0.000304
79.919998	0.000305
79.925003	0.000305
79.934998	0.000305
79.940002	0.000305
79.945000	0.000305
79.949997	0.000305
79.955002	0.000304
79.964996	0.000304
79.970001	0.000304
79.974998	0.000304
79.980003	0.000304
79.985001	0.000304
79.995003	0.000304
80.000000	0.000305
