% U (Volt)	I (A)
-15.000000	-3.360910E-7
-14.992000	-2.218876E-7
-14.984000	-3.910391E-7
-14.976000	-3.910391E-7
-14.968000	-3.107125E-7
-14.960000	-1.034932E-7
-14.952000	-3.868481E-7
-14.944000	-5.052425E-7
-14.936000	-4.459871E-7
-14.928000	-4.586764E-7
-14.920000	-4.164176E-7
-14.912000	-6.194459E-7
-14.904000	-3.953464E-7
-14.896000	-3.319001E-7
-14.888000	-3.529713E-7
-14.880000	-3.234018E-7
-14.872000	-2.091983E-7
-14.864000	-2.218876E-7
-14.856000	-2.091983E-7
-14.848000	-7.811468E-8
-14.840000	-3.022142E-7
-14.832000	-3.192108E-7
-14.824000	-3.107125E-7
-14.816000	-4.502945E-7
-14.808000	-4.629837E-7
-14.800000	-3.868481E-7
-14.792000	-3.995374E-7
-14.784000	-3.572786E-7
-14.776000	-4.967442E-7
-14.768000	-4.713656E-7
-14.760000	-8.661300E-8
-14.752000	-3.360910E-7
-14.744000	-2.980232E-7
-14.736000	-4.423782E-8
-14.728000	-2.938323E-7
-14.720000	-2.472661E-7
-14.712000	-2.726447E-7
-14.704000	-5.264301E-7
-14.696000	-4.291069E-7
-14.688000	-4.544854E-7
-14.680000	-3.995374E-7
-14.672000	-2.430752E-7
-14.663500	-4.586764E-7
-14.655500	-4.671747E-7
-14.647500	-3.065215E-7
-14.639500	-4.332978E-7
-14.631500	-4.417961E-7
-14.623500	-2.133893E-7
-14.615500	-2.557645E-7
-14.607500	-6.542541E-8
-14.599500	-2.007000E-7
-14.591500	-3.487803E-7
-14.583500	-4.967442E-7
-14.575500	-3.487803E-7
-14.567500	-2.980232E-7
-14.559500	-7.674098E-7
-14.551500	-4.037283E-7
-14.543500	-5.052425E-7
-14.535500	-3.402820E-7
-14.527500	-3.360910E-7
-14.519500	-2.303859E-7
-14.511500	-3.783498E-7
-14.503500	-2.768356E-7
-14.495500	-2.938323E-7
-14.487500	-2.345769E-7
-14.479500	-2.387678E-7
-14.471500	-3.445894E-7
-14.463500	-2.895249E-7
-14.455500	-3.741588E-7
-14.447500	-4.206086E-7
-14.439500	-4.332978E-7
-14.431500	-3.953464E-7
-14.423500	-3.699679E-7
-14.415500	-4.164176E-7
-14.407500	-4.037283E-7
-14.399500	-4.459871E-7
-14.391500	-2.430752E-7
-14.383500	-3.065215E-7
-14.375500	-4.004687E-8
-14.367500	-2.514571E-7
-14.359500	-3.783498E-7
-14.351500	-1.372537E-7
-14.343500	-4.756730E-7
-14.335500	-4.164176E-7
-14.327500	-4.502945E-7
-14.319500	-4.037283E-7
-14.311500	-5.264301E-7
-14.303500	-3.275927E-7
-14.295500	-4.206086E-7
-14.287500	-3.319001E-7
-14.279500	-2.980232E-7
-14.271500	-4.713656E-7
-14.263500	-2.811430E-7
-14.255500	-1.838198E-7
-14.247500	-2.218876E-7
-14.239500	-2.938323E-7
-14.231500	-1.245644E-7
-14.223500	-3.192108E-7
-14.215500	-3.065215E-7
-14.207500	-3.995374E-7
-14.199500	-5.475013E-7
-14.191500	-3.783498E-7
-14.183500	-3.656605E-7
-14.175500	-4.122267E-7
-14.167500	-4.756730E-7
-14.159500	-2.472661E-7
-14.151500	-3.192108E-7
-14.143500	-1.838198E-7
-14.135500	-2.684537E-7
-14.127500	-1.499429E-7
-14.119500	-4.423782E-8
-14.111500	-2.811430E-7
-14.103500	-3.741588E-7
-14.095500	-3.995374E-7
-14.087500	-3.910391E-7
-14.079500	-4.756730E-7
-14.071500	-4.080357E-7
-14.063500	-6.236369E-7
-14.055500	-2.050074E-7
-14.047500	-6.109476E-7
-14.039500	-2.895249E-7
-14.031500	-2.726447E-7
-14.023500	-2.768356E-7
-14.015500	-2.176967E-7
-14.007000	-2.430752E-7
-13.999000	-2.768356E-7
-13.991000	-9.930227E-8
-13.983000	-4.080357E-7
-13.975000	-4.249159E-7
-13.967000	-2.176967E-7
-13.959000	-4.502945E-7
-13.951000	-3.741588E-7
-13.943000	-3.656605E-7
-13.935000	-3.572786E-7
-13.927000	-3.868481E-7
-13.919000	-4.332978E-7
-13.911000	-4.249159E-7
-13.903000	-4.423782E-8
-13.895000	-3.319001E-7
-13.887000	-3.868481E-7
-13.879000	-4.206086E-7
-13.871000	-3.234018E-7
-13.863000	-2.726447E-7
-13.855000	-2.853340E-7
-13.847000	-4.122267E-7
-13.839000	-4.586764E-7
-13.831000	-3.614696E-7
-13.823000	-4.925532E-7
-13.815000	-5.179318E-7
-13.807000	-3.826572E-7
-13.799000	-3.360910E-7
-13.791000	-2.176967E-7
-13.783000	-2.726447E-7
-13.775000	-2.387678E-7
-13.767000	-2.133893E-7
-13.759000	-4.423782E-8
-13.751000	-2.176967E-7
-13.743000	-2.641464E-7
-13.735000	-2.050074E-7
-13.727000	-5.644979E-7
-13.719000	-4.122267E-7
-13.711000	-3.319001E-7
-13.703000	-4.332978E-7
-13.695000	-4.671747E-7
-13.687000	-3.234018E-7
-13.679000	-4.713656E-7
-13.671000	-4.037283E-7
-13.663000	-3.107125E-7
-13.655000	-1.923181E-7
-13.647000	-2.472661E-7
-13.639000	-5.692709E-8
-13.631000	-2.430752E-7
-13.623000	-2.599554E-7
-13.615000	-5.052425E-7
-13.607000	-4.164176E-7
-13.599000	-5.518086E-7
-13.591000	-3.656605E-7
-13.583000	-3.699679E-7
-13.575000	-4.249159E-7
-13.567000	-1.838198E-7
-13.559000	-3.149034E-7
-13.551000	-5.433103E-7
-13.543000	-3.572786E-7
-13.535000	-2.387678E-7
-13.527000	-2.726447E-7
-13.519000	-2.218876E-7
-13.511000	-3.783498E-7
-13.503000	-3.614696E-7
-13.495000	-2.938323E-7
-13.487000	-5.221227E-7
-13.479000	-2.176967E-7
-13.471000	-4.332978E-7
-13.463000	-3.699679E-7
-13.455000	-3.529713E-7
-13.447000	-4.206086E-7
-13.439000	-6.025657E-7
-13.431000	-2.980232E-7
-13.423000	-1.923181E-7
-13.415000	-2.050074E-7
-13.407000	-2.472661E-7
-13.399000	-1.838198E-7
-13.391000	-2.768356E-7
-13.383000	-2.514571E-7
-13.375000	-3.741588E-7
-13.367000	-4.967442E-7
-13.359000	-4.376052E-7
-13.350500	-4.502945E-7
-13.342500	-3.275927E-7
-13.334500	-4.206086E-7
-13.326500	-1.838198E-7
-13.318500	-3.234018E-7
-13.310500	-3.360910E-7
-13.302500	-2.599554E-7
-13.294500	-1.542503E-7
-13.286500	-1.965091E-7
-13.278500	-2.472661E-7
-13.270500	-1.965091E-7
-13.262500	-2.176967E-7
-13.254500	-3.445894E-7
-13.246500	-3.402820E-7
-13.238500	-2.133893E-7
-13.230500	-3.402820E-7
-13.222500	-3.572786E-7
-13.214500	-4.544854E-7
-13.206500	-4.332978E-7
-13.198500	-4.967442E-7
-13.190500	-2.895249E-7
-13.182500	-2.176967E-7
-13.174500	-2.472661E-7
-13.166500	-1.372537E-7
-13.158500	-2.938323E-7
-13.150500	-2.007000E-7
-13.142500	-2.387678E-7
-13.134500	-2.641464E-7
-13.126500	-2.176967E-7
-13.118500	-3.445894E-7
-13.110500	-4.586764E-7
-13.102500	-3.741588E-7
-13.094500	-2.133893E-7
-13.086500	-3.783498E-7
-13.078500	-4.756730E-7
-13.070500	-3.487803E-7
-13.062500	-4.376052E-7
-13.054500	-3.107125E-7
-13.046500	-1.753215E-7
-13.038500	-1.669396E-7
-13.030500	-4.037283E-7
-13.022500	-2.557645E-7
-13.014500	-3.953464E-7
-13.006500	-6.406335E-7
-12.998500	-4.291069E-7
-12.990500	-2.514571E-7
-12.982500	-6.194459E-7
-12.974500	-1.753215E-7
-12.966500	-4.080357E-7
-12.958500	-2.895249E-7
-12.950500	-3.319001E-7
-12.942500	-3.192108E-7
-12.934500	-2.514571E-7
-12.926500	-2.514571E-7
-12.918500	-2.514571E-7
-12.910500	-2.599554E-7
-12.902500	-3.614696E-7
-12.894500	-2.133893E-7
-12.886500	-3.065215E-7
-12.878500	-5.137408E-7
-12.870500	-4.459871E-7
-12.862500	-4.629837E-7
-12.854500	-3.699679E-7
-12.846500	-4.249159E-7
-12.838500	-3.402820E-7
-12.830500	-3.868481E-7
-12.822500	-3.445894E-7
-12.814500	-2.260786E-7
-12.806500	-2.853340E-7
-12.798500	-4.854519E-8
-12.790500	-2.387678E-7
-12.782500	-2.387678E-7
-12.774500	-4.249159E-7
-12.766500	-2.895249E-7
-12.758500	-3.868481E-7
-12.750500	-4.417961E-7
-12.742500	-3.826572E-7
-12.734500	-5.728798E-7
-12.726500	-4.629837E-7
-12.718500	-5.348120E-7
-12.710500	-3.192108E-7
-12.702000	-2.472661E-7
-12.694000	-2.133893E-7
-12.686000	-1.753215E-7
-12.678000	-2.218876E-7
-12.670000	-1.711305E-7
-12.662000	-3.614696E-7
-12.654000	-2.895249E-7
-12.646000	-4.883623E-7
-12.638000	-4.164176E-7
-12.630000	-3.402820E-7
-12.622000	-3.656605E-7
-12.614000	-2.050074E-7
-12.606000	-4.586764E-7
-12.598000	-5.137408E-7
-12.590000	-3.360910E-7
-12.582000	-3.402820E-7
-12.574000	-8.661300E-8
-12.566000	-1.584413E-7
-12.558000	-1.711305E-7
-12.550000	-1.415610E-7
-12.542000	-2.684537E-7
-12.534000	-3.614696E-7
-12.526000	-3.445894E-7
-12.518000	-2.853340E-7
-12.510000	-3.192108E-7
-12.502000	-3.529713E-7
-12.494000	-2.050074E-7
-12.486000	-4.544854E-7
-12.478000	-3.445894E-7
-12.470000	-4.883623E-7
-12.462000	-3.995374E-7
-12.454000	-2.980232E-7
-12.446000	-2.218876E-7
-12.438000	-2.895249E-7
-12.430000	-3.572786E-7
-12.422000	-2.980232E-7
-12.414000	-3.614696E-7
-12.406000	-3.868481E-7
-12.398000	-3.234018E-7
-12.390000	-4.967442E-7
-12.382000	-2.430752E-7
-12.374000	-3.234018E-7
-12.366000	-4.417961E-7
-12.358000	-4.080357E-7
-12.350000	-3.107125E-7
-12.342000	-4.376052E-7
-12.334000	-3.826572E-7
-12.326000	-2.387678E-7
-12.318000	-1.626322E-7
-12.310000	-2.514571E-7
-12.302000	-2.050074E-7
-12.294000	-2.091983E-7
-12.286000	-2.768356E-7
-12.278000	-2.514571E-7
-12.270000	-3.656605E-7
-12.262000	-2.133893E-7
-12.254000	-4.586764E-7
-12.246000	-6.702030E-7
-12.238000	-3.953464E-7
-12.230000	-2.980232E-7
-12.222000	-2.980232E-7
-12.214000	-3.868481E-7
-12.206000	-1.965091E-7
-12.198000	-2.514571E-7
-12.190000	-2.430752E-7
-12.182000	-2.176967E-7
-12.174000	-3.154855E-8
-12.166000	-2.303859E-7
-12.158000	-4.544854E-7
-12.150000	-4.544854E-7
-12.142000	-4.376052E-7
-12.134000	-6.025657E-7
-12.126000	-4.332978E-7
-12.118000	-3.614696E-7
-12.110000	-3.234018E-7
-12.102000	-2.303859E-7
-12.094000	-2.895249E-7
-12.086000	-3.149034E-7
-12.078000	-1.923181E-7
-12.070000	-3.783498E-7
-12.062000	-1.626322E-7
-12.054000	-1.669396E-7
-12.046000	-4.122267E-7
-12.037500	-3.487803E-7
-12.029500	-3.192108E-7
-12.021500	-3.614696E-7
-12.013500	-3.614696E-7
-12.005500	-4.122267E-7
-11.997500	-1.796288E-7
-11.989500	-4.037283E-7
-11.981500	-6.406335E-7
-11.973500	-2.303859E-7
-11.965500	-2.472661E-7
-11.957500	-2.430752E-7
-11.949500	-1.542503E-7
-11.941500	-1.499429E-7
-11.933500	-2.430752E-7
-11.925500	-2.599554E-7
-11.917500	-3.275927E-7
-11.909500	-2.811430E-7
-11.901500	-1.457520E-7
-11.893500	-3.741588E-7
-11.885500	-4.164176E-7
-11.877500	-5.264301E-7
-11.869500	-3.445894E-7
-11.861500	-4.756730E-7
-11.853500	-1.542503E-7
-11.845500	-2.811430E-7
-11.837500	-3.402820E-7
-11.829500	-2.260786E-7
-11.821500	-3.529713E-7
-11.813500	-4.967442E-7
-11.805500	-2.387678E-7
-11.797500	-3.402820E-7
-11.789500	-6.961636E-8
-11.781500	-3.868481E-7
-11.773500	-3.783498E-7
-11.765500	-3.319001E-7
-11.757500	-4.037283E-7
-11.749500	-3.614696E-7
-11.741500	-2.768356E-7
-11.733500	-2.472661E-7
-11.725500	-2.641464E-7
-11.717500	-3.234018E-7
-11.709500	-1.796288E-7
-11.701500	-1.753215E-7
-11.693500	-2.387678E-7
-11.685500	-2.091983E-7
-11.677500	-3.149034E-7
-11.669500	-3.065215E-7
-11.661500	-3.107125E-7
-11.653500	-2.853340E-7
-11.645500	-4.332978E-7
-11.637500	-3.402820E-7
-11.629500	-3.445894E-7
-11.621500	-4.756730E-7
-11.613500	-4.080357E-7
-11.605500	-1.669396E-7
-11.597500	-2.387678E-7
-11.589500	-2.684537E-7
-11.581500	-2.303859E-7
-11.573500	-1.499429E-7
-11.565500	-2.050074E-7
-11.557500	-1.118751E-7
-11.549500	-2.472661E-7
-11.541500	-3.826572E-7
-11.533500	-5.686888E-7
-11.525500	-2.303859E-7
-11.517500	-4.544854E-7
-11.509500	-3.445894E-7
-11.501500	-2.514571E-7
-11.493500	-2.980232E-7
-11.485500	-2.514571E-7
-11.477500	-2.091983E-7
-11.469500	-1.584413E-7
-11.461500	-2.345769E-7
-11.453500	-2.050074E-7
-11.445500	-2.684537E-7
-11.437500	-2.768356E-7
-11.429500	-3.022142E-7
-11.421500	-3.192108E-7
-11.413500	-3.656605E-7
-11.405500	-5.094334E-7
-11.397500	-3.445894E-7
-11.389500	-3.910391E-7
-11.381000	-3.275927E-7
-11.373000	-1.965091E-7
-11.365000	-2.303859E-7
-11.357000	-3.149034E-7
-11.349000	-1.330627E-7
-11.341000	1.920853E-8
-11.333000	-3.445894E-7
-11.325000	-2.303859E-7
-11.317000	-1.118751E-7
-11.309000	-2.345769E-7
-11.301000	-2.599554E-7
-11.293000	-2.853340E-7
-11.285000	-3.910391E-7
-11.277000	-3.572786E-7
-11.269000	-2.599554E-7
-11.261000	-3.319001E-7
-11.253000	-3.275927E-7
-11.245000	-3.065215E-7
-11.237000	-3.572786E-7
-11.229000	-1.584413E-7
-11.221000	-2.387678E-7
-11.213000	1.920853E-8
-11.205000	-2.557645E-7
-11.197000	-3.234018E-7
-11.189000	-2.641464E-7
-11.181000	-2.557645E-7
-11.173000	-3.656605E-7
-11.165000	-3.402820E-7
-11.157000	-3.995374E-7
-11.149000	-1.499429E-7
-11.141000	-3.656605E-7
-11.133000	-1.923181E-7
-11.125000	-2.853340E-7
-11.117000	-3.529713E-7
-11.109000	-2.091983E-7
-11.101000	-1.838198E-7
-11.093000	-2.768356E-7
-11.085000	1.920853E-8
-11.077000	-2.430752E-7
-11.069000	-2.007000E-7
-11.061000	-3.319001E-7
-11.053000	-2.726447E-7
-11.045000	-4.122267E-7
-11.037000	-4.291069E-7
-11.029000	-4.122267E-7
-11.021000	-4.798640E-7
-11.013000	-2.980232E-7
-11.005000	-2.387678E-7
-10.997000	-1.669396E-7
-10.989000	-2.091983E-7
-10.981000	-1.838198E-7
-10.973000	-2.133893E-7
-10.965000	-1.457520E-7
-10.957000	-1.965091E-7
-10.949000	-2.260786E-7
-10.941000	-2.345769E-7
-10.933000	-3.995374E-7
-10.925000	-2.514571E-7
-10.917000	-3.783498E-7
-10.909000	-3.995374E-7
-10.901000	-3.868481E-7
-10.893000	-1.034932E-7
-10.885000	-3.529713E-7
-10.877000	-1.457520E-7
-10.869000	-1.372537E-7
-10.861000	-1.372537E-7
-10.853000	-9.080395E-8
-10.845000	-1.669396E-7
-10.837000	-2.938323E-7
-10.829000	-2.430752E-7
-10.821000	-2.514571E-7
-10.813000	-2.980232E-7
-10.805000	-3.022142E-7
-10.797000	-3.445894E-7
-10.789000	-4.332978E-7
-10.781000	-3.572786E-7
-10.773000	-3.953464E-7
-10.765000	-2.768356E-7
-10.757000	-1.626322E-7
-10.749000	-1.372537E-7
-10.741000	-1.626322E-7
-10.733000	-1.076842E-7
-10.724500	-1.415610E-7
-10.716500	-7.811468E-8
-10.708500	-9.080395E-8
-10.700500	-3.585592E-8
-10.692500	-5.692709E-8
-10.684500	-1.669396E-7
-10.676500	-2.557645E-7
-10.668500	-2.260786E-7
-10.660500	-3.529713E-7
-10.652500	-6.542541E-8
-10.644500	-1.626322E-7
-10.636500	-3.149034E-7
-10.628500	-1.288718E-7
-10.620500	-2.303859E-7
-10.612500	-1.979060E-9
-10.604500	-8.230563E-8
-10.596500	-1.885928E-8
-10.588500	-7.392373E-8
-10.580500	-1.753215E-7
-10.572500	-2.684537E-7
-10.564500	-6.170012E-9
-10.556500	-2.472661E-7
-10.548500	-2.387678E-7
-10.540500	-1.330627E-7
-10.532500	-2.133893E-7
-10.524500	7.415656E-8
-10.516500	-8.661300E-8
-10.508500	-7.811468E-8
-10.500500	-4.423782E-8
-10.492500	-4.423782E-8
-10.484500	-1.330627E-7
-10.476500	2.211891E-9
-10.468500	-6.961636E-8
-10.460500	-6.123446E-8
-10.452500	-7.392373E-8
-10.444500	-1.923181E-7
-10.436500	5.727634E-8
-10.428500	-7.392373E-8
-10.420500	-9.499490E-8
-10.412500	-4.854519E-8
-10.404500	-6.123446E-8
-10.396500	-1.466833E-8
-10.388500	1.544831E-7
-10.380500	1.417939E-7
-10.372500	1.080334E-7
-10.364500	1.334120E-7
-10.356500	-4.854519E-8
-10.348500	2.728775E-7
-10.340500	-1.203734E-7
-10.332500	-8.661300E-8
-10.324500	-7.811468E-8
-10.316500	-2.735760E-8
-10.308500	6.519258E-9
-10.300500	-8.230563E-8
-10.292500	9.103678E-8
-10.284500	2.728775E-7
-10.276500	1.249136E-7
-10.268500	2.137385E-7
-10.260500	2.940651E-7
-10.252500	3.194436E-7
-10.244500	1.798617E-7
-10.236500	1.291046E-7
-10.228500	2.221204E-7
-10.220500	1.417939E-7
-10.212500	1.544831E-7
-10.204500	-6.170012E-9
-10.196500	3.658934E-7
-10.188500	1.207227E-7
-10.180500	9.103678E-8
-10.172500	2.855668E-7
-10.164500	4.293397E-7
-10.156500	3.743917E-7
-10.148500	1.883600E-7
-10.140500	2.221204E-7
-10.132500	4.632166E-7
-10.124500	3.236346E-7
-10.116500	4.336471E-7
-10.108500	4.759058E-7
-10.100500	4.885951E-7
-10.092500	2.898742E-7
-10.084500	4.124595E-7
-10.076500	3.278255E-7
-10.068000	3.363239E-7
-10.060000	2.052402E-7
-10.052000	4.547182E-7
-10.044000	2.813758E-7
-10.036000	5.139736E-7
-10.028000	5.562324E-7
-10.020000	6.238697E-7
-10.012000	6.704358E-7
-10.004000	7.126946E-7
-9.996000	6.238697E-7
-9.988000	5.731126E-7
-9.980000	6.958144E-7
-9.972000	7.211929E-7
-9.964000	5.689217E-7
-9.956000	7.719500E-7
-9.948000	9.326031E-7
-9.940000	6.154878E-7
-9.932000	9.494834E-7
-9.924000	8.649658E-7
-9.916000	9.199139E-7
-9.908000	8.310890E-7
-9.900000	1.097564E-6
-9.892000	1.131324E-6
-9.884000	1.067878E-6
-9.876000	9.664800E-7
-9.868000	1.152512E-6
-9.860000	1.131324E-6
-9.852000	1.029810E-6
-9.844000	1.342851E-6
-9.836000	1.207460E-6
-9.828000	1.224340E-6
-9.820000	1.258217E-6
-9.812000	1.410488E-6
-9.804000	1.165201E-6
-9.796000	1.334352E-6
-9.788000	1.495006E-6
-9.780000	1.605018E-6
-9.772000	1.638778E-6
-9.764000	1.714914E-6
-9.756000	1.875684E-6
-9.748000	1.723412E-6
-9.740000	1.795241E-6
-9.732000	1.731794E-6
-9.724000	1.765671E-6
-9.716000	1.723412E-6
-9.708000	1.647277E-6
-9.700000	1.913635E-6
-9.692000	1.879875E-6
-9.684000	1.960201E-6
-9.676000	2.163230E-6
-9.668000	2.196990E-6
-9.660000	2.133544E-6
-9.652000	2.311193E-6
-9.644000	2.438086E-6
-9.636000	2.691755E-6
-9.628000	2.564979E-6
-9.620000	2.556480E-6
-9.612000	2.636807E-6
-9.604000	2.670684E-6
-9.596000	2.640998E-6
-9.588000	2.755201E-6
-9.580000	2.581859E-6
-9.572000	2.856716E-6
-9.564000	2.759509E-6
-9.556000	2.987799E-6
-9.548000	3.326102E-6
-9.540000	3.199209E-6
-9.532000	3.419118E-6
-9.524000	3.342982E-6
-9.516000	3.503752E-6
-9.508000	3.558700E-6
-9.500000	3.626337E-6
-9.492000	3.706664E-6
-9.484000	3.626337E-6
-9.476000	3.660214E-6
-9.468000	3.854744E-6
-9.460000	4.028087E-6
-9.452000	3.918190E-6
-9.444000	4.112720E-6
-9.436000	4.116911E-6
-9.428000	4.442525E-6
-9.420000	4.493282E-6
-9.411500	4.687812E-6
-9.403500	4.907721E-6
-9.395500	5.017617E-6
-9.387500	5.081063E-6
-9.379500	5.047186E-6
-9.371500	5.339039E-6
-9.363500	5.351729E-6
-9.355500	5.279784E-6
-9.347500	5.728099E-6
-9.339500	5.673151E-6
-9.331500	5.804235E-6
-9.323500	5.863374E-6
-9.315500	5.935319E-6
-9.307500	6.112852E-6
-9.299500	6.446964E-6
-9.291500	6.561168E-6
-9.283500	6.683753E-6
-9.275500	6.903661E-6
-9.267500	7.051742E-6
-9.259500	7.225084E-6
-9.251500	7.394236E-6
-9.243500	7.487251E-6
-9.235500	7.559196E-6
-9.227500	7.618335E-6
-9.219500	7.829862E-6
-9.211500	7.867813E-6
-9.203500	8.041272E-6
-9.195500	8.299248E-6
-9.187500	8.468400E-6
-9.179500	8.794013E-6
-9.171500	9.089941E-6
-9.163500	9.149197E-6
-9.155500	9.398675E-6
-9.147500	9.567826E-6
-9.139500	9.791926E-6
-9.131500	9.978074E-6
-9.123500	1.007109E-5
-9.115500	1.026981E-5
-9.107500	1.027831E-5
-9.099500	1.070963E-5
-9.091500	1.069275E-5
-9.083500	1.099717E-5
-9.075500	1.120439E-5
-9.067500	1.155538E-5
-9.059500	1.157227E-5
-9.051500	1.173723E-5
-9.043500	1.212209E-5
-9.035500	1.234619E-5
-9.027500	1.259986E-5
-9.019500	1.286634E-5
-9.011500	1.299323E-5
-9.003500	1.312001E-5
-8.995500	1.366134E-5
-8.987500	1.369091E-5
-8.979500	1.396588E-5
-8.971500	1.419836E-5
-8.963500	1.447753E-5
-8.955500	1.472281E-5
-8.947500	1.492572E-5
-8.939500	1.539942E-5
-8.931500	1.554738E-5
-8.923500	1.592375E-5
-8.915500	1.631700E-5
-8.907500	1.651153E-5
-8.899500	1.697673E-5
-8.891500	1.715007E-5
-8.883500	1.745042E-5
-8.875500	1.786905E-5
-8.867500	1.799164E-5
-8.859500	1.820736E-5
-8.851500	1.860061E-5
-8.843500	1.909537E-5
-8.835500	1.936604E-5
-8.827500	1.959433E-5
-8.819500	2.019911E-5
-8.811500	2.052053E-5
-8.803500	2.090959E-5
-8.795500	2.151425E-5
-8.787500	2.179760E-5
-8.779500	2.213172E-5
-8.771500	2.251647E-5
-8.763500	2.266874E-5
-8.755000	2.314663E-5
-8.747000	2.342998E-5
-8.739000	2.383592E-5
-8.731000	2.432219E-5
-8.723000	2.457167E-5
-8.715000	2.520182E-5
-8.707000	2.558657E-5
-8.699000	2.591650E-5
-8.691000	2.644083E-5
-8.683000	2.690603E-5
-8.675000	2.741767E-5
-8.667000	2.778985E-5
-8.659000	2.834806E-5
-8.651000	2.888928E-5
-8.643000	2.914725E-5
-8.635000	2.949405E-5
-8.627000	3.009872E-5
-8.619000	3.053853E-5
-8.611000	3.086415E-5
-8.603000	3.133784E-5
-8.595000	3.184099E-5
-8.587000	3.212015E-5
-8.579000	3.281364E-5
-8.571000	3.351143E-5
-8.563000	3.378629E-5
-8.555000	3.431493E-5
-8.547000	3.483077E-5
-8.539000	3.521144E-5
-8.531000	3.596419E-5
-8.523000	3.639120E-5
-8.515000	3.673381E-5
-8.507000	3.750343E-5
-8.499000	3.813778E-5
-8.491000	3.856060E-5
-8.483000	3.906805E-5
-8.475000	3.958400E-5
-8.467000	4.019297E-5
-8.459000	4.074269E-5
-8.451000	4.126283E-5
-8.443000	4.198181E-5
-8.435000	4.260335E-5
-8.427000	4.357181E-5
-8.419000	4.377903E-5
-8.411000	4.466285E-5
-8.403000	4.513643E-5
-8.395000	4.575809E-5
-8.387000	4.667998E-5
-8.379000	4.705635E-5
-8.371000	4.778372E-5
-8.363000	4.867173E-5
-8.355000	4.937372E-5
-8.347000	5.021109E-5
-8.339000	5.069317E-5
-8.331000	5.151774E-5
-8.323000	5.226198E-5
-8.315000	5.301472E-5
-8.307000	5.379284E-5
-8.299000	5.463010E-5
-8.291000	5.551393E-5
-8.283000	5.626667E-5
-8.275000	5.726470E-5
-8.267000	5.775108E-5
-8.259000	5.861791E-5
-8.251000	5.936646E-5
-8.243000	6.003457E-5
-8.235000	6.086763E-5
-8.227000	6.161188E-5
-8.219000	6.251689E-5
-8.211000	6.329501E-5
-8.203000	6.428454E-5
-8.195000	6.482156E-5
-8.187000	6.587885E-5
-8.179000	6.676686E-5
-8.171000	6.731658E-5
-8.163000	6.855140E-5
-8.155000	6.918574E-5
-8.147000	7.024291E-5
-8.139000	7.107598E-5
-8.131000	7.185841E-5
-8.123000	7.261534E-5
-8.115000	7.355830E-5
-8.107000	7.457321E-5
-8.098500	7.546134E-5
-8.090500	7.647206E-5
-8.082500	7.728394E-5
-8.074500	7.815927E-5
-8.066500	7.930107E-5
-8.058500	8.010457E-5
-8.050500	8.134358E-5
-8.042500	8.231623E-5
-8.034500	8.317467E-5
-8.026500	8.431647E-5
-8.018500	8.517911E-5
-8.010500	8.628715E-5
-8.002500	8.746691E-5
-7.994500	8.827890E-5
-7.986500	8.938683E-5
-7.978500	9.046518E-5
-7.970500	9.150966E-5
-7.962500	9.237661E-5
-7.954500	9.359024E-5
-7.946500	9.476161E-5
-7.938500	9.590772E-5
-7.930500	9.700714E-5
-7.922500	9.800098E-5
-7.914500	9.946409E-5
-7.906500	0.000100
-7.898500	0.000102
-7.890500	0.000103
-7.882500	0.000104
-7.874500	0.000105
-7.866500	0.000106
-7.858500	0.000107
-7.850500	0.000109
-7.842500	0.000110
-7.834500	0.000111
-7.826500	0.000112
-7.818500	0.000113
-7.810500	0.000115
-7.802500	0.000116
-7.794500	0.000117
-7.786500	0.000119
-7.778500	0.000120
-7.770500	0.000121
-7.762500	0.000123
-7.754500	0.000124
-7.746500	0.000125
-7.738500	0.000126
-7.730500	0.000128
-7.722500	0.000129
-7.714500	0.000130
-7.706500	0.000132
-7.698500	0.000133
-7.690500	0.000134
-7.682500	0.000136
-7.674500	0.000137
-7.666500	0.000138
-7.658500	0.000140
-7.650500	0.000141
-7.642500	0.000143
-7.634500	0.000144
-7.626500	0.000145
-7.618500	0.000147
-7.610500	0.000148
-7.602500	0.000149
-7.594500	0.000151
-7.586500	0.000152
-7.578500	0.000154
-7.570500	0.000155
-7.562500	0.000156
-7.554500	0.000157
-7.546500	0.000159
-7.538500	0.000161
-7.530500	0.000162
-7.522500	0.000163
-7.514500	0.000164
-7.506500	0.000166
-7.498500	0.000167
-7.490500	0.000168
-7.482000	0.000170
-7.474000	0.000171
-7.466000	0.000172
-7.458000	0.000174
-7.450000	0.000175
-7.442000	0.000176
-7.434000	0.000177
-7.426000	0.000179
-7.418000	0.000180
-7.410000	0.000181
-7.402000	0.000182
-7.394000	0.000184
-7.386000	0.000185
-7.378000	0.000186
-7.370000	0.000187
-7.362000	0.000188
-7.354000	0.000189
-7.346000	0.000190
-7.338000	0.000191
-7.330000	0.000192
-7.322000	0.000193
-7.314000	0.000194
-7.306000	0.000194
-7.298000	0.000196
-7.290000	0.000196
-7.282000	0.000197
-7.274000	0.000198
-7.266000	0.000198
-7.258000	0.000199
-7.250000	0.000200
-7.242000	0.000201
-7.234000	0.000201
-7.226000	0.000202
-7.218000	0.000203
-7.210000	0.000203
-7.202000	0.000204
-7.194000	0.000204
-7.186000	0.000205
-7.178000	0.000205
-7.170000	0.000206
-7.162000	0.000207
-7.154000	0.000207
-7.146000	0.000208
-7.138000	0.000208
-7.130000	0.000209
-7.122000	0.000209
-7.114000	0.000210
-7.106000	0.000210
-7.098000	0.000210
-7.090000	0.000211
-7.082000	0.000211
-7.074000	0.000212
-7.066000	0.000212
-7.058000	0.000213
-7.050000	0.000213
-7.042000	0.000214
-7.034000	0.000214
-7.026000	0.000215
-7.018000	0.000215
-7.010000	0.000215
-7.002000	0.000216
-6.994000	0.000216
-6.986000	0.000217
-6.978000	0.000217
-6.970000	0.000217
-6.962000	0.000218
-6.954000	0.000218
-6.946000	0.000219
-6.938000	0.000219
-6.930000	0.000219
-6.922000	0.000220
-6.914000	0.000220
-6.906000	0.000221
-6.898000	0.000221
-6.890000	0.000221
-6.882000	0.000222
-6.873500	0.000222
-6.865500	0.000222
-6.857500	0.000223
-6.849500	0.000223
-6.841500	0.000224
-6.833500	0.000224
-6.825500	0.000224
-6.817500	0.000225
-6.809500	0.000225
-6.801500	0.000225
-6.793500	0.000226
-6.785500	0.000226
-6.777500	0.000226
-6.769500	0.000227
-6.761500	0.000227
-6.753500	0.000227
-6.745500	0.000227
-6.737500	0.000228
-6.729500	0.000228
-6.721500	0.000228
-6.713500	0.000229
-6.705500	0.000229
-6.697500	0.000230
-6.689500	0.000230
-6.681500	0.000230
-6.673500	0.000231
-6.665500	0.000231
-6.657500	0.000231
-6.649500	0.000231
-6.641500	0.000232
-6.633500	0.000232
-6.625500	0.000232
-6.617500	0.000233
-6.609500	0.000233
-6.601500	0.000233
-6.593500	0.000233
-6.585500	0.000234
-6.577500	0.000234
-6.569500	0.000234
-6.561500	0.000235
-6.553500	0.000235
-6.545500	0.000235
-6.537500	0.000235
-6.529500	0.000236
-6.521500	0.000236
-6.513500	0.000236
-6.505500	0.000236
-6.497500	0.000237
-6.489500	0.000237
-6.481500	0.000237
-6.473500	0.000237
-6.465500	0.000238
-6.457500	0.000238
-6.449500	0.000238
-6.441500	0.000238
-6.433500	0.000239
-6.425500	0.000239
-6.417500	0.000239
-6.409500	0.000240
-6.401500	0.000240
-6.393500	0.000240
-6.385500	0.000240
-6.377500	0.000240
-6.369500	0.000241
-6.361500	0.000241
-6.353500	0.000241
-6.345500	0.000241
-6.337500	0.000241
-6.329500	0.000242
-6.321500	0.000242
-6.313500	0.000242
-6.305500	0.000243
-6.297500	0.000243
-6.289500	0.000243
-6.281500	0.000243
-6.273500	0.000243
-6.265000	0.000244
-6.257000	0.000244
-6.249000	0.000244
-6.241000	0.000244
-6.233000	0.000244
-6.225000	0.000245
-6.217000	0.000245
-6.209000	0.000245
-6.201000	0.000245
-6.193000	0.000246
-6.185000	0.000246
-6.177000	0.000246
-6.169000	0.000246
-6.161000	0.000246
-6.153000	0.000247
-6.145000	0.000247
-6.137000	0.000247
-6.129000	0.000247
-6.121000	0.000247
-6.113000	0.000247
-6.105000	0.000248
-6.097000	0.000248
-6.089000	0.000248
-6.081000	0.000248
-6.073000	0.000249
-6.065000	0.000249
-6.057000	0.000249
-6.049000	0.000249
-6.041000	0.000249
-6.033000	0.000249
-6.025000	0.000250
-6.017000	0.000250
-6.009000	0.000250
-6.001000	0.000250
-5.993000	0.000250
-5.985000	0.000250
-5.977000	0.000251
-5.969000	0.000251
-5.961000	0.000251
-5.953000	0.000251
-5.945000	0.000252
-5.937000	0.000252
-5.929000	0.000252
-5.921000	0.000252
-5.913000	0.000252
-5.905000	0.000252
-5.897000	0.000252
-5.889000	0.000253
-5.881000	0.000253
-5.873000	0.000253
-5.865000	0.000253
-5.857000	0.000253
-5.849000	0.000254
-5.841000	0.000254
-5.833000	0.000254
-5.825000	0.000254
-5.817000	0.000254
-5.809000	0.000254
-5.801000	0.000254
-5.793000	0.000255
-5.785000	0.000255
-5.777000	0.000255
-5.769000	0.000255
-5.761000	0.000255
-5.753000	0.000255
-5.745000	0.000255
-5.737000	0.000256
-5.729000	0.000256
-5.721000	0.000256
-5.713000	0.000256
-5.705000	0.000256
-5.697000	0.000257
-5.689000	0.000257
-5.681000	0.000257
-5.673000	0.000257
-5.665000	0.000257
-5.656500	0.000257
-5.648500	0.000257
-5.640500	0.000258
-5.632500	0.000258
-5.624500	0.000258
-5.616500	0.000258
-5.608500	0.000258
-5.600500	0.000258
-5.592500	0.000258
-5.584500	0.000259
-5.576500	0.000259
-5.568500	0.000259
-5.560500	0.000259
-5.552500	0.000259
-5.544500	0.000259
-5.536500	0.000260
-5.528500	0.000260
-5.520500	0.000260
-5.512500	0.000260
-5.504500	0.000260
-5.496500	0.000260
-5.488500	0.000260
-5.480500	0.000260
-5.472500	0.000261
-5.464500	0.000261
-5.456500	0.000261
-5.448500	0.000261
-5.440500	0.000261
-5.432500	0.000261
-5.424500	0.000262
-5.416500	0.000262
-5.408500	0.000262
-5.400500	0.000262
-5.392500	0.000262
-5.384500	0.000262
-5.376500	0.000262
-5.368500	0.000262
-5.360500	0.000262
-5.352500	0.000262
-5.344500	0.000263
-5.336500	0.000263
-5.328500	0.000263
-5.320500	0.000263
-5.312500	0.000263
-5.304500	0.000263
-5.296500	0.000263
-5.288500	0.000263
-5.280500	0.000264
-5.272500	0.000264
-5.264500	0.000264
-5.256500	0.000264
-5.248500	0.000264
-5.240500	0.000264
-5.232500	0.000264
-5.224500	0.000264
-5.216500	0.000265
-5.208500	0.000265
-5.200500	0.000265
-5.192500	0.000265
-5.184500	0.000265
-5.176500	0.000265
-5.168500	0.000265
-5.160500	0.000265
-5.152500	0.000265
-5.144500	0.000265
-5.136500	0.000266
-5.128500	0.000266
-5.120500	0.000266
-5.112500	0.000266
-5.104500	0.000266
-5.096500	0.000266
-5.088500	0.000266
-5.080500	0.000266
-5.072500	0.000267
-5.064500	0.000267
-5.056500	0.000267
-5.048000	0.000267
-5.040000	0.000267
-5.032000	0.000267
-5.024000	0.000267
-5.016000	0.000267
-5.008000	0.000267
-5.000000	0.000267
-4.992000	0.000267
-4.984000	0.000268
-4.976000	0.000268
-4.968000	0.000268
-4.960000	0.000268
-4.952000	0.000268
-4.944000	0.000268
-4.936000	0.000268
-4.928000	0.000268
-4.920000	0.000269
-4.912000	0.000269
-4.904000	0.000269
-4.896000	0.000269
-4.888000	0.000269
-4.880000	0.000269
-4.872000	0.000269
-4.864000	0.000269
-4.856000	0.000269
-4.848000	0.000269
-4.840000	0.000270
-4.832000	0.000270
-4.824000	0.000270
-4.816000	0.000270
-4.808000	0.000270
-4.800000	0.000270
-4.792000	0.000270
-4.784000	0.000270
-4.776000	0.000270
-4.768000	0.000270
-4.760000	0.000270
-4.752000	0.000270
-4.744000	0.000271
-4.736000	0.000271
-4.728000	0.000271
-4.720000	0.000271
-4.712000	0.000271
-4.704000	0.000271
-4.696000	0.000271
-4.688000	0.000271
-4.680000	0.000271
-4.672000	0.000272
-4.664000	0.000272
-4.656000	0.000272
-4.648000	0.000272
-4.640000	0.000272
-4.632000	0.000272
-4.624000	0.000272
-4.616000	0.000272
-4.608000	0.000272
-4.600000	0.000272
-4.592000	0.000272
-4.584000	0.000273
-4.576000	0.000273
-4.568000	0.000273
-4.560000	0.000273
-4.552000	0.000273
-4.544000	0.000273
-4.536000	0.000273
-4.528000	0.000273
-4.520000	0.000273
-4.512000	0.000273
-4.504000	0.000273
-4.496000	0.000273
-4.488000	0.000274
-4.480000	0.000274
-4.472000	0.000274
-4.464000	0.000274
-4.456000	0.000274
-4.448000	0.000274
-4.439500	0.000274
-4.431500	0.000274
-4.423500	0.000274
-4.415500	0.000274
-4.407500	0.000274
-4.399500	0.000274
-4.391500	0.000274
-4.383500	0.000274
-4.375500	0.000275
-4.367500	0.000275
-4.359500	0.000275
-4.351500	0.000275
-4.343500	0.000275
-4.335500	0.000275
-4.327500	0.000275
-4.319500	0.000275
-4.311500	0.000275
-4.303500	0.000275
-4.295500	0.000275
-4.287500	0.000275
-4.279500	0.000276
-4.271500	0.000276
-4.263500	0.000276
-4.255500	0.000276
-4.247500	0.000276
-4.239500	0.000276
-4.231500	0.000276
-4.223500	0.000276
-4.215500	0.000276
-4.207500	0.000276
-4.199500	0.000276
-4.191500	0.000276
-4.183500	0.000277
-4.175500	0.000277
-4.167500	0.000277
-4.159500	0.000276
-4.151500	0.000277
-4.143500	0.000277
-4.135500	0.000277
-4.127500	0.000277
-4.119500	0.000277
-4.111500	0.000277
-4.103500	0.000277
-4.095500	0.000277
-4.087500	0.000277
-4.079500	0.000277
-4.071500	0.000277
-4.063500	0.000278
-4.055500	0.000278
-4.047500	0.000278
-4.039500	0.000278
-4.031500	0.000278
-4.023500	0.000278
-4.015500	0.000278
-4.007500	0.000278
-3.999500	0.000278
-3.991500	0.000278
-3.983500	0.000278
-3.975500	0.000278
-3.967500	0.000278
-3.959500	0.000278
-3.951500	0.000278
-3.943500	0.000279
-3.935500	0.000279
-3.927500	0.000279
-3.919500	0.000279
-3.911500	0.000279
-3.903500	0.000279
-3.895500	0.000279
-3.887500	0.000279
-3.879500	0.000279
-3.871500	0.000279
-3.863500	0.000279
-3.855500	0.000279
-3.847500	0.000279
-3.839500	0.000279
-3.831500	0.000279
-3.823000	0.000279
-3.815000	0.000280
-3.807000	0.000279
-3.799000	0.000280
-3.791000	0.000280
-3.783000	0.000280
-3.775000	0.000280
-3.767000	0.000280
-3.759000	0.000280
-3.751000	0.000280
-3.743000	0.000280
-3.735000	0.000280
-3.727000	0.000280
-3.719000	0.000280
-3.711000	0.000280
-3.703000	0.000280
-3.695000	0.000280
-3.687000	0.000280
-3.679000	0.000280
-3.671000	0.000280
-3.663000	0.000280
-3.655000	0.000280
-3.647000	0.000280
-3.639000	0.000281
-3.631000	0.000281
-3.623000	0.000281
-3.615000	0.000281
-3.607000	0.000281
-3.599000	0.000281
-3.591000	0.000281
-3.583000	0.000281
-3.575000	0.000281
-3.567000	0.000281
-3.559000	0.000281
-3.551000	0.000281
-3.543000	0.000281
-3.535000	0.000281
-3.527000	0.000281
-3.519000	0.000281
-3.511000	0.000281
-3.503000	0.000281
-3.495000	0.000281
-3.487000	0.000282
-3.479000	0.000282
-3.471000	0.000282
-3.463000	0.000282
-3.455000	0.000282
-3.447000	0.000282
-3.439000	0.000282
-3.431000	0.000282
-3.423000	0.000282
-3.415000	0.000282
-3.407000	0.000282
-3.399000	0.000282
-3.391000	0.000282
-3.383000	0.000282
-3.375000	0.000282
-3.367000	0.000282
-3.359000	0.000282
-3.351000	0.000283
-3.343000	0.000283
-3.335000	0.000283
-3.327000	0.000283
-3.319000	0.000283
-3.311000	0.000283
-3.303000	0.000283
-3.295000	0.000283
-3.287000	0.000283
-3.279000	0.000283
-3.271000	0.000283
-3.263000	0.000283
-3.255000	0.000283
-3.247000	0.000283
-3.239000	0.000283
-3.231000	0.000283
-3.223000	0.000283
-3.215000	0.000283
-3.207000	0.000283
-3.199000	0.000284
-3.190500	0.000283
-3.182500	0.000283
-3.174500	0.000283
-3.166500	0.000283
-3.158500	0.000284
-3.150500	0.000284
-3.142500	0.000284
-3.134500	0.000284
-3.126500	0.000284
-3.118500	0.000284
-3.110500	0.000284
-3.102500	0.000284
-3.094500	0.000284
-3.086500	0.000284
-3.078500	0.000284
-3.070500	0.000284
-3.062500	0.000284
-3.054500	0.000284
-3.046500	0.000284
-3.038500	0.000284
-3.030500	0.000284
-3.022500	0.000284
-3.014500	0.000284
-3.006500	0.000284
-2.998500	0.000284
-2.990500	0.000284
-2.982500	0.000284
-2.974500	0.000285
-2.966500	0.000285
-2.958500	0.000285
-2.950500	0.000285
-2.942500	0.000285
-2.934500	0.000285
-2.926500	0.000285
-2.918500	0.000285
-2.910500	0.000285
-2.902500	0.000285
-2.894500	0.000285
-2.886500	0.000285
-2.878500	0.000285
-2.870500	0.000285
-2.862500	0.000285
-2.854500	0.000285
-2.846500	0.000285
-2.838500	0.000285
-2.830500	0.000285
-2.822500	0.000285
-2.814500	0.000285
-2.806500	0.000285
-2.798500	0.000285
-2.790500	0.000285
-2.782500	0.000285
-2.774500	0.000285
-2.766500	0.000285
-2.758500	0.000286
-2.750500	0.000286
-2.742500	0.000286
-2.734500	0.000286
-2.726500	0.000286
-2.718500	0.000286
-2.710500	0.000286
-2.702500	0.000286
-2.694500	0.000286
-2.686500	0.000286
-2.678500	0.000286
-2.670500	0.000286
-2.662500	0.000286
-2.654500	0.000286
-2.646500	0.000286
-2.638500	0.000286
-2.630500	0.000286
-2.622500	0.000286
-2.614500	0.000286
-2.606500	0.000286
-2.598500	0.000286
-2.590500	0.000286
-2.582500	0.000286
-2.574500	0.000286
-2.566500	0.000286
-2.558000	0.000286
-2.550000	0.000286
-2.542000	0.000286
-2.534000	0.000286
-2.526000	0.000286
-2.518000	0.000286
-2.510000	0.000287
-2.502000	0.000287
-2.494000	0.000287
-2.486000	0.000287
-2.478000	0.000287
-2.470000	0.000287
-2.462000	0.000287
-2.454000	0.000287
-2.446000	0.000287
-2.438000	0.000287
-2.430000	0.000287
-2.422000	0.000287
-2.414000	0.000287
-2.406000	0.000287
-2.398000	0.000287
-2.390000	0.000287
-2.382000	0.000287
-2.374000	0.000287
-2.366000	0.000287
-2.358000	0.000287
-2.350000	0.000287
-2.342000	0.000287
-2.334000	0.000287
-2.326000	0.000287
-2.318000	0.000287
-2.310000	0.000287
-2.302000	0.000287
-2.294000	0.000287
-2.286000	0.000287
-2.278000	0.000287
-2.270000	0.000287
-2.262000	0.000288
-2.254000	0.000288
-2.246000	0.000288
-2.238000	0.000288
-2.230000	0.000288
-2.222000	0.000288
-2.214000	0.000288
-2.206000	0.000288
-2.198000	0.000288
-2.190000	0.000288
-2.182000	0.000288
-2.174000	0.000288
-2.166000	0.000288
-2.158000	0.000288
-2.150000	0.000288
-2.142000	0.000288
-2.134000	0.000288
-2.126000	0.000288
-2.118000	0.000288
-2.110000	0.000288
-2.102000	0.000288
-2.094000	0.000288
-2.086000	0.000288
-2.078000	0.000288
-2.070000	0.000288
-2.062000	0.000288
-2.054000	0.000288
-2.046000	0.000288
-2.038000	0.000288
-2.030000	0.000288
-2.022000	0.000288
-2.014000	0.000288
-2.006000	0.000288
-1.998000	0.000289
-1.990000	0.000289
-1.982000	0.000289
-1.974000	0.000289
-1.966000	0.000289
-1.958000	0.000289
-1.950000	0.000289
-1.942000	0.000289
-1.934000	0.000289
-1.925500	0.000289
-1.917500	0.000289
-1.909500	0.000289
-1.901500	0.000289
-1.893500	0.000289
-1.885500	0.000289
-1.877500	0.000289
-1.869500	0.000289
-1.861500	0.000289
-1.853500	0.000289
-1.845500	0.000289
-1.837500	0.000289
-1.829500	0.000289
-1.821500	0.000289
-1.813500	0.000289
-1.805500	0.000289
-1.797500	0.000289
-1.789500	0.000289
-1.781500	0.000289
-1.773500	0.000289
-1.765500	0.000289
-1.757500	0.000289
-1.749500	0.000289
-1.741500	0.000289
-1.733500	0.000289
-1.725500	0.000289
-1.717500	0.000289
-1.709500	0.000289
-1.701500	0.000289
-1.693500	0.000289
-1.685500	0.000289
-1.677500	0.000289
-1.669500	0.000289
-1.661500	0.000289
-1.653500	0.000289
-1.645500	0.000289
-1.637500	0.000290
-1.629500	0.000290
-1.621500	0.000290
-1.613500	0.000290
-1.605500	0.000290
-1.597500	0.000290
-1.589500	0.000290
-1.581500	0.000290
-1.573500	0.000290
-1.565500	0.000290
-1.557500	0.000290
-1.549500	0.000290
-1.541500	0.000290
-1.533500	0.000290
-1.525500	0.000290
-1.517500	0.000290
-1.509500	0.000290
-1.501500	0.000290
-1.493500	0.000290
-1.485500	0.000290
-1.477500	0.000290
-1.469500	0.000290
-1.461500	0.000290
-1.453500	0.000290
-1.445500	0.000290
-1.437500	0.000290
-1.429500	0.000290
-1.421500	0.000290
-1.413500	0.000290
-1.405500	0.000290
-1.397500	0.000290
-1.389500	0.000290
-1.381500	0.000290
-1.373500	0.000290
-1.365500	0.000290
-1.357500	0.000290
-1.349500	0.000290
-1.341500	0.000290
-1.333500	0.000290
-1.325500	0.000290
-1.317500	0.000290
-1.309000	0.000290
-1.301000	0.000290
-1.293000	0.000290
-1.285000	0.000290
-1.277000	0.000290
-1.269000	0.000290
-1.261000	0.000290
-1.253000	0.000290
-1.245000	0.000291
-1.237000	0.000291
-1.229000	0.000291
-1.221000	0.000291
-1.213000	0.000291
-1.205000	0.000291
-1.197000	0.000291
-1.189000	0.000291
-1.181000	0.000291
-1.173000	0.000291
-1.165000	0.000290
-1.157000	0.000291
-1.149000	0.000291
-1.141000	0.000291
-1.133000	0.000291
-1.125000	0.000291
-1.117000	0.000291
-1.109000	0.000291
-1.101000	0.000291
-1.093000	0.000291
-1.085000	0.000291
-1.077000	0.000291
-1.069000	0.000291
-1.061000	0.000291
-1.053000	0.000291
-1.045000	0.000291
-1.037000	0.000291
-1.029000	0.000291
-1.021000	0.000291
-1.013000	0.000291
-1.005000	0.000291
-0.997000	0.000291
-0.989000	0.000291
-0.981000	0.000291
-0.973000	0.000291
-0.965000	0.000291
-0.957000	0.000291
-0.949000	0.000291
-0.941000	0.000291
-0.933000	0.000291
-0.925000	0.000291
-0.917000	0.000291
-0.909000	0.000291
-0.901000	0.000291
-0.893000	0.000291
-0.885000	0.000291
-0.877000	0.000291
-0.869000	0.000291
-0.861000	0.000291
-0.853000	0.000291
-0.845000	0.000291
-0.837000	0.000291
-0.829000	0.000291
-0.821000	0.000291
-0.813000	0.000291
-0.805000	0.000291
-0.797000	0.000291
-0.789000	0.000291
-0.781000	0.000291
-0.773000	0.000291
-0.765000	0.000291
-0.757000	0.000291
-0.749000	0.000291
-0.741000	0.000292
-0.733000	0.000292
-0.725000	0.000291
-0.717000	0.000292
-0.709000	0.000292
-0.701000	0.000291
-0.693000	0.000291
-0.684500	0.000291
-0.676500	0.000291
-0.668500	0.000291
-0.660500	0.000292
-0.652500	0.000292
-0.644500	0.000292
-0.636500	0.000292
-0.628500	0.000292
-0.620500	0.000292
-0.612500	0.000292
-0.604500	0.000292
-0.596500	0.000292
-0.588500	0.000292
-0.580500	0.000292
-0.572500	0.000292
-0.564500	0.000292
-0.556500	0.000292
-0.548500	0.000292
-0.540500	0.000292
-0.532500	0.000292
-0.524500	0.000292
-0.516500	0.000292
-0.508500	0.000292
-0.500500	0.000292
-0.492500	0.000292
-0.484500	0.000292
-0.476500	0.000292
-0.468500	0.000292
-0.460500	0.000292
-0.452500	0.000292
-0.444500	0.000292
-0.436500	0.000292
-0.428500	0.000292
-0.420500	0.000292
-0.412500	0.000292
-0.404500	0.000292
-0.396500	0.000292
-0.388500	0.000292
-0.380500	0.000292
-0.372500	0.000292
-0.364500	0.000292
-0.356500	0.000292
-0.348500	0.000292
-0.340500	0.000292
-0.332500	0.000292
-0.324500	0.000292
-0.316500	0.000292
-0.308500	0.000292
-0.300500	0.000292
-0.292500	0.000292
-0.284500	0.000292
-0.276500	0.000292
-0.268500	0.000292
-0.260500	0.000292
-0.252500	0.000292
-0.244500	0.000292
-0.236500	0.000292
-0.228500	0.000292
-0.220500	0.000292
-0.212500	0.000292
-0.204500	0.000292
-0.196500	0.000292
-0.188500	0.000292
-0.180500	0.000292
-0.172500	0.000292
-0.164500	0.000292
-0.156500	0.000292
-0.148500	0.000292
-0.140500	0.000293
-0.132500	0.000292
-0.124500	0.000292
-0.116500	0.000293
-0.108500	0.000293
-0.100500	0.000293
-0.092500	0.000292
-0.084500	0.000293
-0.076500	0.000292
-0.068500	0.000292
-0.060000	0.000292
-0.052000	0.000292
-0.044000	0.000292
-0.036000	0.000293
-0.028000	0.000293
-0.020000	0.000293
-0.012000	0.000293
-0.004000	0.000293
0.004000	0.000293
0.012000	0.000293
0.020000	0.000293
0.028000	0.000293
0.036000	0.000293
0.044000	0.000293
0.052000	0.000293
0.060000	0.000293
0.068000	0.000293
0.076000	0.000293
0.084000	0.000293
0.092000	0.000293
0.100000	0.000293
0.108000	0.000293
0.116000	0.000293
0.124000	0.000293
0.132000	0.000293
0.140000	0.000293
0.148000	0.000293
0.156000	0.000293
0.164000	0.000293
0.172000	0.000293
0.180000	0.000293
0.188000	0.000293
0.196000	0.000293
0.204000	0.000293
0.212000	0.000293
0.220000	0.000293
0.228000	0.000293
0.236000	0.000293
0.244000	0.000293
0.252000	0.000293
0.260000	0.000293
0.268000	0.000293
0.276000	0.000293
0.284000	0.000293
0.292000	0.000293
0.300000	0.000293
0.308000	0.000293
0.316000	0.000293
0.324000	0.000293
0.332000	0.000293
0.340000	0.000293
0.348000	0.000293
0.356000	0.000293
0.364000	0.000293
0.372000	0.000293
0.380000	0.000293
0.388000	0.000293
0.396000	0.000293
0.404000	0.000293
0.412000	0.000293
0.420000	0.000293
0.428000	0.000293
0.436000	0.000293
0.444000	0.000293
0.452000	0.000293
0.460000	0.000293
0.468000	0.000293
0.476000	0.000293
0.484000	0.000293
0.492000	0.000293
0.500000	0.000294
0.508000	0.000294
0.516000	0.000293
0.524000	0.000293
0.532000	0.000293
0.540000	0.000293
0.548000	0.000293
0.556000	0.000293
0.564500	0.000293
0.572500	0.000293
0.580500	0.000293
0.588500	0.000294
0.596500	0.000294
0.604500	0.000294
0.612500	0.000294
0.620500	0.000294
0.628500	0.000294
0.636500	0.000294
0.644500	0.000294
0.652500	0.000294
0.660500	0.000294
0.668500	0.000294
0.676500	0.000294
0.684500	0.000294
0.692500	0.000294
0.700500	0.000294
0.708500	0.000294
0.716500	0.000294
0.724500	0.000294
0.732500	0.000294
0.740500	0.000294
0.748500	0.000294
0.756500	0.000294
0.764500	0.000294
0.772500	0.000294
0.780500	0.000294
0.788500	0.000294
0.796500	0.000294
0.804500	0.000294
0.812500	0.000294
0.820500	0.000294
0.828500	0.000294
0.836500	0.000294
0.844500	0.000294
0.852500	0.000294
0.860500	0.000294
0.868500	0.000294
0.876500	0.000294
0.884500	0.000294
0.892500	0.000294
0.900500	0.000294
0.908500	0.000294
0.916500	0.000294
0.924500	0.000294
0.932500	0.000294
0.940500	0.000294
0.948500	0.000294
0.956500	0.000294
0.964500	0.000294
0.972500	0.000294
0.980500	0.000294
0.988500	0.000294
0.996500	0.000294
1.004500	0.000294
1.012500	0.000294
1.020500	0.000294
1.028500	0.000294
1.036500	0.000294
1.044500	0.000294
1.052500	0.000294
1.060500	0.000294
1.068500	0.000294
1.076500	0.000294
1.084500	0.000294
1.092500	0.000294
1.100500	0.000294
1.108500	0.000294
1.116500	0.000294
1.124500	0.000294
1.132500	0.000294
1.140500	0.000294
1.148500	0.000294
1.156500	0.000294
1.164500	0.000294
1.172500	0.000294
1.180500	0.000294
1.189000	0.000294
1.197000	0.000294
1.205000	0.000294
1.213000	0.000295
1.221000	0.000295
1.229000	0.000295
1.237000	0.000295
1.245000	0.000295
1.253000	0.000295
1.261000	0.000295
1.269000	0.000295
1.277000	0.000295
1.285000	0.000295
1.293000	0.000295
1.301000	0.000295
1.309000	0.000295
1.317000	0.000295
1.325000	0.000295
1.333000	0.000295
1.341000	0.000295
1.349000	0.000295
1.357000	0.000295
1.365000	0.000295
1.373000	0.000295
1.381000	0.000295
1.389000	0.000295
1.397000	0.000295
1.405000	0.000295
1.413000	0.000295
1.421000	0.000295
1.429000	0.000295
1.437000	0.000295
1.445000	0.000295
1.453000	0.000295
1.461000	0.000295
1.469000	0.000295
1.477000	0.000295
1.485000	0.000295
1.493000	0.000295
1.501000	0.000295
1.509000	0.000295
1.517000	0.000295
1.525000	0.000295
1.533000	0.000295
1.541000	0.000295
1.549000	0.000295
1.557000	0.000295
1.565000	0.000295
1.573000	0.000295
1.581000	0.000295
1.589000	0.000295
1.597000	0.000295
1.605000	0.000295
1.613000	0.000295
1.621000	0.000295
1.629000	0.000295
1.637000	0.000295
1.645000	0.000295
1.653000	0.000295
1.661000	0.000295
1.669000	0.000295
1.677000	0.000295
1.685000	0.000295
1.693000	0.000295
1.701000	0.000295
1.709000	0.000296
1.717000	0.000295
1.725000	0.000296
1.733000	0.000296
1.741000	0.000296
1.749000	0.000296
1.757000	0.000296
1.765000	0.000296
1.773000	0.000296
1.781000	0.000296
1.789000	0.000295
1.797000	0.000296
1.805000	0.000296
1.813500	0.000296
1.821500	0.000296
1.829500	0.000296
1.837500	0.000296
1.845500	0.000296
1.853500	0.000296
1.861500	0.000296
1.869500	0.000296
1.877500	0.000296
1.885500	0.000296
1.893500	0.000296
1.901500	0.000296
1.909500	0.000296
1.917500	0.000296
1.925500	0.000296
1.933500	0.000296
1.941500	0.000296
1.949500	0.000296
1.957500	0.000296
1.965500	0.000296
1.973500	0.000296
1.981500	0.000296
1.989500	0.000296
1.997500	0.000296
2.005500	0.000296
2.013500	0.000296
2.021500	0.000296
2.029500	0.000296
2.037500	0.000296
2.045500	0.000296
2.053500	0.000296
2.061500	0.000296
2.069500	0.000296
2.077500	0.000296
2.085500	0.000296
2.093500	0.000296
2.101500	0.000296
2.109500	0.000296
2.117500	0.000296
2.125500	0.000296
2.133500	0.000296
2.141500	0.000296
2.149500	0.000296
2.157500	0.000296
2.165500	0.000296
2.173500	0.000296
2.181500	0.000296
2.189500	0.000296
2.197500	0.000296
2.205500	0.000297
2.213500	0.000297
2.221500	0.000297
2.229500	0.000297
2.237500	0.000297
2.245500	0.000297
2.253500	0.000297
2.261500	0.000297
2.269500	0.000297
2.277500	0.000297
2.285500	0.000297
2.293500	0.000297
2.301500	0.000297
2.309500	0.000297
2.317500	0.000297
2.325500	0.000297
2.333500	0.000297
2.341500	0.000297
2.349500	0.000297
2.357500	0.000297
2.365500	0.000297
2.373500	0.000297
2.381500	0.000297
2.389500	0.000297
2.397500	0.000297
2.405500	0.000297
2.413500	0.000297
2.421500	0.000297
2.429500	0.000297
2.438000	0.000297
2.446000	0.000297
2.454000	0.000297
2.462000	0.000297
2.470000	0.000297
2.478000	0.000297
2.486000	0.000297
2.494000	0.000297
2.502000	0.000297
2.510000	0.000297
2.518000	0.000297
2.526000	0.000297
2.534000	0.000297
2.542000	0.000297
2.550000	0.000297
2.558000	0.000297
2.566000	0.000297
2.574000	0.000298
2.582000	0.000298
2.590000	0.000298
2.598000	0.000298
2.606000	0.000298
2.614000	0.000298
2.622000	0.000298
2.630000	0.000298
2.638000	0.000298
2.646000	0.000298
2.654000	0.000298
2.662000	0.000298
2.670000	0.000298
2.678000	0.000298
2.686000	0.000298
2.694000	0.000298
2.702000	0.000298
2.710000	0.000298
2.718000	0.000298
2.726000	0.000298
2.734000	0.000298
2.742000	0.000298
2.750000	0.000298
2.758000	0.000298
2.766000	0.000298
2.774000	0.000298
2.782000	0.000298
2.790000	0.000298
2.798000	0.000298
2.806000	0.000298
2.814000	0.000298
2.822000	0.000298
2.830000	0.000298
2.838000	0.000298
2.846000	0.000299
2.854000	0.000298
2.862000	0.000298
2.870000	0.000299
2.878000	0.000299
2.886000	0.000298
2.894000	0.000298
2.902000	0.000299
2.910000	0.000299
2.918000	0.000299
2.926000	0.000299
2.934000	0.000299
2.942000	0.000299
2.950000	0.000299
2.958000	0.000299
2.966000	0.000299
2.974000	0.000299
2.982000	0.000299
2.990000	0.000299
2.998000	0.000299
3.006000	0.000299
3.014000	0.000299
3.022000	0.000299
3.030000	0.000299
3.038000	0.000299
3.046000	0.000299
3.054000	0.000299
3.062000	0.000299
3.070500	0.000299
3.078500	0.000299
3.086500	0.000299
3.094500	0.000299
3.102500	0.000299
3.110500	0.000299
3.118500	0.000299
3.126500	0.000299
3.134500	0.000299
3.142500	0.000300
3.150500	0.000299
3.158500	0.000299
3.166500	0.000299
3.174500	0.000300
3.182500	0.000300
3.190500	0.000300
3.198500	0.000300
3.206500	0.000300
3.214500	0.000300
3.222500	0.000300
3.230500	0.000300
3.238500	0.000300
3.246500	0.000300
3.254500	0.000300
3.262500	0.000300
3.270500	0.000300
3.278500	0.000300
3.286500	0.000300
3.294500	0.000300
3.302500	0.000300
3.310500	0.000300
3.318500	0.000300
3.326500	0.000300
3.334500	0.000300
3.342500	0.000301
3.350500	0.000301
3.358500	0.000300
3.366500	0.000301
3.374500	0.000301
3.382500	0.000301
3.390500	0.000301
3.398500	0.000301
3.406500	0.000301
3.414500	0.000301
3.422500	0.000301
3.430500	0.000301
3.438500	0.000301
3.446500	0.000301
3.454500	0.000301
3.462500	0.000301
3.470500	0.000301
3.478500	0.000301
3.486500	0.000301
3.494500	0.000301
3.502500	0.000301
3.510500	0.000301
3.518500	0.000301
3.526500	0.000301
3.534500	0.000301
3.542500	0.000302
3.550500	0.000302
3.558500	0.000302
3.566500	0.000302
3.574500	0.000302
3.582500	0.000302
3.590500	0.000302
3.598500	0.000302
3.606500	0.000302
3.614500	0.000302
3.622500	0.000302
3.630500	0.000302
3.638500	0.000302
3.646500	0.000302
3.654500	0.000302
3.662500	0.000302
3.670500	0.000302
3.678500	0.000302
3.686500	0.000303
3.694500	0.000303
3.703000	0.000303
3.711000	0.000303
3.719000	0.000303
3.727000	0.000303
3.735000	0.000303
3.743000	0.000303
3.751000	0.000303
3.759000	0.000303
3.767000	0.000303
3.775000	0.000303
3.783000	0.000303
3.791000	0.000303
3.799000	0.000304
3.807000	0.000304
3.815000	0.000304
3.823000	0.000304
3.831000	0.000304
3.839000	0.000304
3.847000	0.000304
3.855000	0.000304
3.863000	0.000304
3.871000	0.000304
3.879000	0.000304
3.887000	0.000304
3.895000	0.000304
3.903000	0.000304
3.911000	0.000305
3.919000	0.000305
3.927000	0.000305
3.935000	0.000305
3.943000	0.000305
3.951000	0.000305
3.959000	0.000305
3.967000	0.000305
3.975000	0.000305
3.983000	0.000305
3.991000	0.000305
3.999000	0.000306
4.007000	0.000306
4.015000	0.000306
4.023000	0.000306
4.031000	0.000306
4.039000	0.000306
4.047000	0.000306
4.055000	0.000306
4.063000	0.000306
4.071000	0.000307
4.079000	0.000306
4.087000	0.000307
4.095000	0.000307
4.103000	0.000307
4.111000	0.000307
4.119000	0.000307
4.127000	0.000307
4.135000	0.000307
4.143000	0.000307
4.151000	0.000307
4.159000	0.000308
4.167000	0.000308
4.175000	0.000308
4.183000	0.000308
4.191000	0.000308
4.199000	0.000308
4.207000	0.000308
4.215000	0.000309
4.223000	0.000309
4.231000	0.000309
4.239000	0.000309
4.247000	0.000309
4.255000	0.000309
4.263000	0.000309
4.271000	0.000309
4.279000	0.000309
4.287000	0.000310
4.295000	0.000310
4.303000	0.000310
4.311000	0.000310
4.319500	0.000310
4.327500	0.000310
4.335500	0.000311
4.343500	0.000311
4.351500	0.000311
4.359500	0.000311
4.367500	0.000311
4.375500	0.000311
4.383500	0.000312
4.391500	0.000312
4.399500	0.000312
4.407500	0.000312
4.415500	0.000312
4.423500	0.000312
4.431500	0.000313
4.439500	0.000313
4.447500	0.000313
4.455500	0.000313
4.463500	0.000313
4.471500	0.000314
4.479500	0.000314
4.487500	0.000314
4.495500	0.000314
4.503500	0.000314
4.511500	0.000314
4.519500	0.000315
4.527500	0.000315
4.535500	0.000315
4.543500	0.000315
4.551500	0.000315
4.559500	0.000316
4.567500	0.000316
4.575500	0.000316
4.583500	0.000316
4.591500	0.000317
4.599500	0.000317
4.607500	0.000317
4.615500	0.000317
4.623500	0.000317
4.631500	0.000318
4.639500	0.000318
4.647500	0.000318
4.655500	0.000318
4.663500	0.000319
4.671500	0.000319
4.679500	0.000319
4.687500	0.000319
4.695500	0.000320
4.703500	0.000320
4.711500	0.000320
4.719500	0.000320
4.727500	0.000321
4.735500	0.000321
4.743500	0.000321
4.751500	0.000321
4.759500	0.000322
4.767500	0.000322
4.775500	0.000322
4.783500	0.000323
4.791500	0.000323
4.799500	0.000323
4.807500	0.000324
4.815500	0.000324
4.823500	0.000324
4.831500	0.000325
4.839500	0.000325
4.847500	0.000325
4.855500	0.000326
4.863500	0.000326
4.871500	0.000326
4.879500	0.000326
4.887500	0.000327
4.895500	0.000327
4.903500	0.000328
4.911500	0.000328
4.919500	0.000328
4.928000	0.000329
4.936000	0.000329
4.944000	0.000329
4.952000	0.000330
4.960000	0.000330
4.968000	0.000330
4.976000	0.000331
4.984000	0.000331
4.992000	0.000332
5.000000	0.000332
